Supplemental results for CODEML (seqf: clean_aligned_paml.phylip  treef: radseq_pruned_ur_clades.tre)


MLEs of dN/dS (w) for site classes (K=3)

site class             0         1         2
proportion        0.88092   0.07157   0.04751
branch type 0:    0.00000   1.00000  16.93454
branch type 1:    0.00000   1.00000  19.87714
branch type 2:    0.00000   1.00000   9.23134
branch type 3:    0.00000   1.00000 160.87157

Naive Empirical Bayes (NEB) probabilities for 3 classes
(amino acids refer to 1st sequence: luzonicum)

   1 K   0.95453 0.04547 0.00000 ( 1)
   2 D   0.96926 0.03074 0.00000 ( 1)
   3 T   0.95653 0.04347 0.00000 ( 1)
   4 D   0.96926 0.03074 0.00000 ( 1)
   5 I   0.94355 0.05633 0.00012 ( 1)
   6 L   0.94079 0.05891 0.00029 ( 1)
   7 A   0.95286 0.04714 0.00000 ( 1)
   8 A   0.95286 0.04714 0.00000 ( 1)
   9 F   0.94476 0.05516 0.00007 ( 1)
  10 R   0.94136 0.05839 0.00025 ( 1)
  11 V   0.95331 0.04668 0.00000 ( 1)
  12 T   0.95653 0.04347 0.00000 ( 1)
  13 P   0.95524 0.04475 0.00000 ( 1)
  14 Q   0.95277 0.04723 0.00000 ( 1)
  15 P   0.95524 0.04475 0.00000 ( 1)
  16 G   0.95085 0.04914 0.00001 ( 1)
  17 V   0.96270 0.03730 0.00000 ( 1)
  18 P   0.94642 0.05354 0.00004 ( 1)
  19 P   0.00002 0.99950 0.00048 ( 2)
  20 E   0.96190 0.03810 0.00000 ( 1)
  21 E   0.96190 0.03810 0.00000 ( 1)
  22 A   0.95273 0.04726 0.00000 ( 1)
  23 G   0.94147 0.05828 0.00024 ( 1)
  24 A   0.94393 0.05596 0.00010 ( 1)
  25 A   0.94159 0.05817 0.00023 ( 1)
  26 V   0.95331 0.04668 0.00000 ( 1)
  27 A   0.96216 0.03784 0.00000 ( 1)
  28 A   0.94393 0.05596 0.00010 ( 1)
  29 E   0.96190 0.03810 0.00000 ( 1)
  30 S   0.95418 0.04582 0.00000 ( 1)
  31 S   0.95418 0.04582 0.00000 ( 1)
  32 T   0.95653 0.04347 0.00000 ( 1)
  33 G   0.96197 0.03803 0.00000 ( 1)
  34 T   0.94819 0.05179 0.00002 ( 1)
  35 W   0.93974 0.05985 0.00041 ( 1)
  36 T   0.94819 0.05179 0.00002 ( 1)
  37 T   0.95653 0.04347 0.00000 ( 1)
  38 V   0.94192 0.05787 0.00021 ( 1)
  39 W   0.93974 0.05985 0.00041 ( 1)
  40 T   0.95653 0.04347 0.00000 ( 1)
  41 D   0.96926 0.03074 0.00000 ( 1)
  42 G   0.95085 0.04914 0.00001 ( 1)
  43 L   0.95711 0.04289 0.00000 ( 1)
  44 T   0.94028 0.05937 0.00035 ( 1)
  45 S   0.00000 0.00000 1.00000 ( 3)
  46 L   0.95711 0.04289 0.00000 ( 1)
  47 D   0.96926 0.03074 0.00000 ( 1)
  48 R   0.95455 0.04545 0.00000 ( 1)
  49 Y   0.94060 0.05909 0.00032 ( 1)
  50 K   0.95453 0.04547 0.00000 ( 1)
  51 G   0.94147 0.05828 0.00024 ( 1)
  52 R   0.94136 0.05839 0.00025 ( 1)
  53 C   0.93969 0.05990 0.00042 ( 1)
  54 Y   0.94060 0.05909 0.00032 ( 1)
  55 H   0.94658 0.05338 0.00004 ( 1)
  56 I   0.94677 0.05315 0.00008 ( 1)
  57 E   0.95370 0.04630 0.00000 ( 1)
  58 P   0.93945 0.06010 0.00045 ( 1)
  59 V   0.96270 0.03730 0.00000 ( 1)
  60 A   0.96216 0.03784 0.00000 ( 1)
  61 G   0.95066 0.04933 0.00001 ( 1)
  62 E   0.96190 0.03810 0.00000 ( 1)
  63 E   0.96190 0.03810 0.00000 ( 1)
  64 T   0.00000 0.00333 0.99667 ( 3)
  65 Q   0.95277 0.04723 0.00000 ( 1)
  66 F   0.95953 0.04047 0.00000 ( 1)
  67 I   0.95970 0.04030 0.00000 ( 1)
  68 A   0.96216 0.03784 0.00000 ( 1)
  69 Y   0.95701 0.04299 0.00000 ( 1)
  70 V   0.95331 0.04668 0.00000 ( 1)
  71 A   0.96216 0.03784 0.00000 ( 1)
  72 Y   0.94060 0.05909 0.00032 ( 1)
  73 P   0.94715 0.05282 0.00003 ( 1)
  74 L   0.94542 0.05452 0.00006 ( 1)
  75 D   0.95388 0.04611 0.00000 ( 1)
  76 L   0.95711 0.04289 0.00000 ( 1)
  77 F   0.95953 0.04047 0.00000 ( 1)
  78 E   0.96190 0.03810 0.00000 ( 1)
  79 E   0.96190 0.03810 0.00000 ( 1)
  80 G   0.96197 0.03803 0.00000 ( 1)
  81 S   0.95418 0.04582 0.00000 ( 1)
  82 V   0.96270 0.03730 0.00000 ( 1)
  83 T   0.95653 0.04347 0.00000 ( 1)
  84 N   0.94786 0.05212 0.00002 ( 1)
  85 M   0.95087 0.04912 0.00001 ( 1)
  86 F   0.00000 0.98637 0.01363 ( 2)
  87 T   0.95653 0.04347 0.00000 ( 1)
  88 S   0.93874 0.06070 0.00056 ( 1)
  89 I   0.95970 0.04030 0.00000 ( 1)
  90 V   0.94192 0.05787 0.00021 ( 1)
  91 G   0.96197 0.03803 0.00000 ( 1)
  92 N   0.96306 0.03694 0.00000 ( 1)
  93 V   0.95331 0.04668 0.00000 ( 1)
  94 F   0.95953 0.04047 0.00000 ( 1)
  95 G   0.94147 0.05828 0.00024 ( 1)
  96 F   0.94476 0.05516 0.00007 ( 1)
  97 K   0.95453 0.04547 0.00000 ( 1)
  98 A   0.94393 0.05596 0.00010 ( 1)
  99 L   0.93626 0.06265 0.00109 ( 1)
 100 R   0.93854 0.06087 0.00059 ( 1)
 101 A   0.96216 0.03784 0.00000 ( 1)
 102 L   0.94588 0.05407 0.00005 ( 1)
 103 R   0.95455 0.04545 0.00000 ( 1)
 104 L   0.93626 0.06265 0.00109 ( 1)
 105 E   0.96190 0.03810 0.00000 ( 1)
 106 D   0.96926 0.03074 0.00000 ( 1)
 107 L   0.93626 0.06265 0.00109 ( 1)
 108 R   0.94136 0.05839 0.00025 ( 1)
 109 I   0.95970 0.04030 0.00000 ( 1)
 110 P   0.95524 0.04475 0.00000 ( 1)
 111 V   0.96270 0.03730 0.00000 ( 1)
 112 A   0.96216 0.03784 0.00000 ( 1)
 113 Y   0.95701 0.04299 0.00000 ( 1)
 114 V   0.95693 0.04307 0.00000 ( 1)
 115 K   0.95453 0.04547 0.00000 ( 1)
 116 T   0.95653 0.04347 0.00000 ( 1)
 117 F   0.94476 0.05516 0.00007 ( 1)
 118 Q   0.95277 0.04723 0.00000 ( 1)
 119 G   0.94379 0.05610 0.00011 ( 1)
 120 P   0.93733 0.06184 0.00083 ( 1)
 121 P   0.95524 0.04475 0.00000 ( 1)
 122 H   0.96162 0.03838 0.00000 ( 1)
 123 G   0.94381 0.05609 0.00011 ( 1)
 124 I   0.94355 0.05633 0.00012 ( 1)
 125 Q   0.95277 0.04723 0.00000 ( 1)
 126 S   0.00000 0.00003 0.99997 ( 3)
 127 E   0.95365 0.04630 0.00004 ( 1)
 128 R   0.94891 0.05107 0.00002 ( 1)
 129 D   0.96926 0.03074 0.00000 ( 1)
 130 K   0.95453 0.04547 0.00000 ( 1)
 131 L   0.94079 0.05891 0.00029 ( 1)
 132 N   0.94786 0.05212 0.00002 ( 1)
 133 K   0.94651 0.05345 0.00004 ( 1)
 134 Y   0.95701 0.04299 0.00000 ( 1)
 135 G   0.96197 0.03803 0.00000 ( 1)
 136 R   0.95421 0.04579 0.00000 ( 1)
 137 P   0.93945 0.06010 0.00045 ( 1)
 138 L   0.93626 0.06265 0.00109 ( 1)
 139 L   0.94079 0.05891 0.00029 ( 1)
 140 G   0.95085 0.04914 0.00001 ( 1)
 141 C   0.93969 0.05990 0.00042 ( 1)
 142 T   0.95653 0.04347 0.00000 ( 1)
 143 I   0.95970 0.04030 0.00000 ( 1)
 144 K   0.95453 0.04547 0.00000 ( 1)
 145 P   0.95524 0.04475 0.00000 ( 1)
 146 K   0.95453 0.04547 0.00000 ( 1)
 147 L   0.94079 0.05891 0.00029 ( 1)
 148 G   0.94147 0.05828 0.00024 ( 1)
 149 L   0.94542 0.05452 0.00006 ( 1)
 150 S   0.94975 0.05024 0.00001 ( 1)
 151 A   0.96216 0.03784 0.00000 ( 1)
 152 K   0.95453 0.04547 0.00000 ( 1)
 153 N   0.94786 0.05212 0.00002 ( 1)
 154 Y   0.94060 0.05909 0.00032 ( 1)
 155 G   0.96197 0.03803 0.00000 ( 1)
 156 R   0.94887 0.05112 0.00002 ( 1)
 157 A   0.94159 0.05817 0.00023 ( 1)
 158 V   0.96270 0.03730 0.00000 ( 1)
 159 Y   0.00002 0.99976 0.00022 ( 2)
 160 E   0.96190 0.03810 0.00000 ( 1)
 161 C   0.95437 0.04563 0.00000 ( 1)
 162 L   0.94085 0.05885 0.00029 ( 1)
 163 R   0.93986 0.05975 0.00040 ( 1)
 164 G   0.96146 0.03854 0.00000 ( 1)
 165 G   0.94990 0.05009 0.00002 ( 1)
 166 L   0.95601 0.04399 0.00000 ( 1)
 167 D   0.96800 0.03200 0.00000 ( 1)
 168 F   0.95839 0.04161 0.00000 ( 1)
 169 T   0.93947 0.05998 0.00055 ( 1)
 170 K   0.95349 0.04651 0.00000 ( 1)
 171 D   0.95292 0.04707 0.00001 ( 1)
 172 D   0.96800 0.03200 0.00000 ( 1)
 173 E   0.95268 0.04731 0.00001 ( 1)
 174 N   0.94697 0.05298 0.00005 ( 1)
 175 V   0.94112 0.05854 0.00035 ( 1)
 176 N   0.94697 0.05298 0.00005 ( 1)
 177 S   0.93789 0.06126 0.00084 ( 1)
 178 Q   0.95177 0.04823 0.00001 ( 1)
 179 P   0.94628 0.05366 0.00006 ( 1)
 180 F   0.95839 0.04161 0.00000 ( 1)
 181 M   0.94992 0.05006 0.00002 ( 1)
 182 R   0.95309 0.04691 0.00001 ( 1)
 183 W   0.93891 0.06045 0.00064 ( 1)
 184 R   0.94801 0.05196 0.00003 ( 1)
 185 D   0.96800 0.03200 0.00000 ( 1)
 186 R   0.95351 0.04649 0.00000 ( 1)
 187 F   0.94394 0.05592 0.00014 ( 1)
 188 L   0.00000 0.00000 1.00000 ( 3)
 189 F   0.95839 0.04161 0.00000 ( 1)
 190 C   0.95333 0.04666 0.00000 ( 1)
 191 A   0.94312 0.05670 0.00018 ( 1)
 192 E   0.96072 0.03928 0.00000 ( 1)
 193 A   0.95171 0.04828 0.00001 ( 1)
 194 L   0.00000 0.00000 1.00000 ( 3)
 195 F   0.00000 0.01371 0.98629 ( 3)
 196 K   0.95349 0.04651 0.00000 ( 1)
 197 A   0.00002 0.99603 0.00395 ( 2)
 198 Q   0.95177 0.04823 0.00001 ( 1)
 199 A   0.00000 0.69134 0.30866 ( 2)
 200 E   0.96072 0.03928 0.00000 ( 1)
 201 T   0.94730 0.05266 0.00004 ( 1)
 202 G   0.96078 0.03922 0.00000 ( 1)
 203 E   0.96072 0.03928 0.00000 ( 1)
 204 I   0.94274 0.05705 0.00020 ( 1)
 205 K   0.95349 0.04651 0.00000 ( 1)
 206 G   0.94067 0.05894 0.00039 ( 1)
 207 H   0.96044 0.03956 0.00000 ( 1)
 208 Y   0.94044 0.05914 0.00042 ( 1)
 209 L   0.00001 0.93279 0.06720 ( 2)
 210 N   0.96186 0.03814 0.00000 ( 1)
 211 A   0.96098 0.03902 0.00000 ( 1)
 212 T   0.95544 0.04455 0.00000 ( 1)
 213 A   0.94101 0.05863 0.00036 ( 1)
 214 G   0.96078 0.03922 0.00000 ( 1)
 215 T   0.94665 0.05330 0.00005 ( 1)
 216 C   0.93833 0.06093 0.00074 ( 1)
 217 E   0.95984 0.04016 0.00000 ( 1)
 218 E   0.00000 0.00000 1.00000 ( 3)
 219 M   0.94922 0.05076 0.00002 ( 1)
 220 M   0.00000 0.00005 0.99995 ( 3)
 221 K   0.95272 0.04728 0.00001 ( 1)
 222 R   0.94169 0.05803 0.00028 ( 1)
 223 A   0.96009 0.03991 0.00000 ( 1)
 224 V   0.00000 0.00000 1.00000 ( 3)
 225 F   0.95717 0.04282 0.00000 ( 1)
 226 A   0.94254 0.05724 0.00022 ( 1)
 227 R   0.94734 0.05262 0.00004 ( 1)
 228 E   0.95984 0.04016 0.00000 ( 1)
 229 L   0.93944 0.06001 0.00055 ( 1)
 230 G   0.94920 0.05078 0.00002 ( 1)
 231 A   0.00000 0.00000 1.00000 ( 3)
 232 P   0.95341 0.04659 0.00000 ( 1)
 233 I   0.94217 0.05759 0.00024 ( 1)
 234 V   0.95155 0.04844 0.00001 ( 1)
 235 M   0.94922 0.05076 0.00002 ( 1)
 236 H   0.95956 0.04044 0.00000 ( 1)
 237 D   0.95313 0.04687 0.00000 ( 1)
 238 Y   0.93925 0.06018 0.00058 ( 1)
 239 L   0.94398 0.05588 0.00013 ( 1)
 240 T   0.94665 0.05330 0.00005 ( 1)
 241 G   0.94012 0.05942 0.00046 ( 1)
 242 G   0.94920 0.05078 0.00002 ( 1)
 243 F   0.94335 0.05649 0.00016 ( 1)
 244 T   0.95464 0.04536 0.00000 ( 1)
 245 A   0.95112 0.04887 0.00001 ( 1)
 246 N   0.96096 0.03904 0.00000 ( 1)
 247 T   0.95464 0.04536 0.00000 ( 1)
 248 T   0.00000 0.00000 1.00000 ( 3)
 249 L   0.93944 0.06001 0.00055 ( 1)
 250 A   0.00000 0.99247 0.00753 ( 2)
 251 H   0.95956 0.04044 0.00000 ( 1)
 252 Y   0.95510 0.04490 0.00000 ( 1)
 253 C   0.93837 0.06088 0.00075 ( 1)
 254 R   0.94000 0.05953 0.00047 ( 1)
 255 D   0.96705 0.03295 0.00000 ( 1)
 256 N   0.95856 0.04144 0.00000 ( 1)
 257 G   0.94241 0.05736 0.00023 ( 1)
 258 L   0.94442 0.05546 0.00012 ( 1)
 259 L   0.95504 0.04496 0.00000 ( 1)
 260 L   0.95504 0.04496 0.00000 ( 1)
 261 H   0.94498 0.05493 0.00009 ( 1)
 262 I   0.94206 0.05769 0.00025 ( 1)
 263 H   0.94498 0.05493 0.00009 ( 1)
 264 R   0.93741 0.06164 0.00094 ( 1)
 265 A   0.95084 0.04915 0.00001 ( 1)
 266 M   0.94895 0.05102 0.00002 ( 1)
 267 H   0.95923 0.04077 0.00000 ( 1)
 268 A   0.95084 0.04915 0.00001 ( 1)
 269 V   0.96028 0.03972 0.00000 ( 1)
 270 I   0.95738 0.04262 0.00000 ( 1)
 271 D   0.96655 0.03345 0.00000 ( 1)
 272 R   0.94699 0.05295 0.00006 ( 1)
 273 Q   0.94326 0.05651 0.00023 ( 1)
 274 K   0.94469 0.05518 0.00013 ( 1)
 275 N   0.96050 0.03950 0.00000 ( 1)
 276 H   0.95911 0.04089 0.00000 ( 1)
 277 G   0.95945 0.04055 0.00000 ( 1)
 278 M   0.00000 0.01081 0.98919 ( 3)
 279 H   0.94476 0.05512 0.00013 ( 1)
 280 F   0.95710 0.04290 0.00000 ( 1)
 281 R   0.95234 0.04765 0.00001 ( 1)
 282 V   0.95117 0.04882 0.00001 ( 1)
 283 L   0.94408 0.05576 0.00016 ( 1)
 284 A   0.95964 0.04036 0.00000 ( 1)
 285 K   0.95232 0.04767 0.00001 ( 1)
 286 G   0.00000 0.00000 1.00000 ( 3)
 287 L   0.94364 0.05617 0.00018 ( 1)
 288 R   0.95234 0.04765 0.00001 ( 1)
 289 M   0.94885 0.05112 0.00003 ( 1)
 290 S   0.95199 0.04800 0.00001 ( 1)
 291 G   0.95945 0.04055 0.00000 ( 1)
 292 G   0.94883 0.05114 0.00003 ( 1)
 293 D   0.96655 0.03345 0.00000 ( 1)
 294 H   0.95911 0.04089 0.00000 ( 1)
 295 I   0.95726 0.04274 0.00000 ( 1)
 296 H   0.94476 0.05512 0.00013 ( 1)
 297 A   0.00000 0.00001 0.99999 ( 3)
 298 G   0.95945 0.04055 0.00000 ( 1)
 299 T   0.93854 0.06066 0.00080 ( 1)
 300 V   0.95117 0.04882 0.00001 ( 1)
 301 V   0.95117 0.04882 0.00001 ( 1)
 302 G   0.95945 0.04055 0.00000 ( 1)
 303 K   0.95232 0.04767 0.00001 ( 1)
 304 L   0.95475 0.04525 0.00000 ( 1)
 305 E   0.95938 0.04062 0.00000 ( 1)
 306 G   0.93975 0.05966 0.00059 ( 1)
 307 E   0.95938 0.04062 0.00000 ( 1)
 308 R   0.94699 0.05295 0.00006 ( 1)
 309 D   0.00000 0.00000 1.00000 ( 3)
 310 I   0.94184 0.05783 0.00033 ( 1)
 311 T   0.95423 0.04577 0.00000 ( 1)
 312 L   0.93906 0.06024 0.00069 ( 1)
 313 G   0.94207 0.05763 0.00030 ( 1)
 314 F   0.95710 0.04290 0.00000 ( 1)
 315 V   0.96015 0.03985 0.00000 ( 1)
 316 D   0.96655 0.03345 0.00000 ( 1)
 317 L   0.94364 0.05617 0.00018 ( 1)
 318 L   0.93428 0.06365 0.00207 ( 1)
 319 R   0.93720 0.06169 0.00111 ( 1)
 320 D   0.96655 0.03345 0.00000 ( 1)
 321 D   0.96655 0.03345 0.00000 ( 1)
 322 F   0.95710 0.04290 0.00000 ( 1)
 323 I   0.95726 0.04274 0.00000 ( 1)
 324 E   0.95938 0.04062 0.00000 ( 1)
 325 K   0.95232 0.04767 0.00001 ( 1)
 326 D   0.96655 0.03345 0.00000 ( 1)
 327 R   0.93963 0.05976 0.00060 ( 1)
 328 S   0.95683 0.04317 0.00000 ( 1)
 329 R   0.93720 0.06169 0.00111 ( 1)
 330 G   0.95945 0.04055 0.00000 ( 1)
 331 I   0.95726 0.04274 0.00000 ( 1)
 332 Y   0.95468 0.04531 0.00000 ( 1)
 333 F   0.94301 0.05677 0.00022 ( 1)
 334 T   0.95423 0.04577 0.00000 ( 1)
 335 Q   0.95065 0.04934 0.00002 ( 1)
 336 D   0.96655 0.03345 0.00000 ( 1)
 337 W   0.93798 0.06111 0.00091 ( 1)
 338 V   0.94254 0.05720 0.00027 ( 1)
 339 S   0.95199 0.04800 0.00001 ( 1)
 340 L   0.94408 0.05576 0.00016 ( 1)
 341 P   0.94530 0.05459 0.00011 ( 1)
 342 G   0.95945 0.04055 0.00000 ( 1)
 343 V   0.96015 0.03985 0.00000 ( 1)
 344 L   0.93431 0.06364 0.00206 ( 1)
 345 P   0.93772 0.06130 0.00098 ( 1)
 346 V   0.94020 0.05928 0.00052 ( 1)
 347 A   0.00000 0.99445 0.00555 ( 2)
 348 S   0.93182 0.06501 0.00316 ( 1)
 349 G   0.93975 0.05966 0.00059 ( 1)
 350 G   0.95945 0.04055 0.00000 ( 1)
 351 I   0.95726 0.04274 0.00000 ( 1)
 352 H   0.94476 0.05512 0.00013 ( 1)
 353 V   0.96015 0.03985 0.00000 ( 1)
 354 W   0.93798 0.06111 0.00091 ( 1)
 355 H   0.95911 0.04089 0.00000 ( 1)
 356 M   0.94885 0.05112 0.00003 ( 1)
 357 P   0.93768 0.06133 0.00099 ( 1)
 358 A   0.95964 0.04036 0.00000 ( 1)
 359 L   0.93443 0.06354 0.00203 ( 1)
 360 T   0.93854 0.06066 0.00080 ( 1)
 361 E   0.95154 0.04845 0.00001 ( 1)
 362 I   0.94182 0.05786 0.00032 ( 1)
 363 F   0.95710 0.04290 0.00000 ( 1)
 364 G   0.93975 0.05966 0.00059 ( 1)
 365 D   0.96655 0.03345 0.00000 ( 1)
 366 D   0.96655 0.03345 0.00000 ( 1)
 367 S   0.93694 0.06188 0.00118 ( 1)
 368 V   0.95117 0.04882 0.00001 ( 1)
 369 L   0.94408 0.05576 0.00016 ( 1)
 370 Q   0.94315 0.05664 0.00021 ( 1)
 371 F   0.94310 0.05668 0.00022 ( 1)
 372 G   0.95945 0.04055 0.00000 ( 1)
 373 G   0.94883 0.05114 0.00003 ( 1)
 374 G   0.94883 0.05114 0.00003 ( 1)
 375 T   0.95423 0.04577 0.00000 ( 1)
 376 L   0.00002 0.94758 0.05240 ( 2)
 377 G   0.94883 0.05114 0.00003 ( 1)
 378 H   0.94476 0.05512 0.00013 ( 1)
 379 P   0.95298 0.04702 0.00001 ( 1)
 380 W   0.93798 0.06111 0.00091 ( 1)
 381 G   0.94883 0.05114 0.00003 ( 1)
 382 N   0.96050 0.03950 0.00000 ( 1)
 383 A   0.95073 0.04925 0.00002 ( 1)
 384 P   0.93768 0.06133 0.00099 ( 1)
 385 G   0.95945 0.04055 0.00000 ( 1)
 386 A   0.00000 0.00743 0.99257 ( 3)
 387 V   0.95117 0.04882 0.00001 ( 1)
 388 A   0.95964 0.04036 0.00000 ( 1)
 389 N   0.96050 0.03950 0.00000 ( 1)
 390 R   0.93963 0.05976 0.00060 ( 1)
 391 V   0.95093 0.04905 0.00002 ( 1)
 392 A   0.95964 0.04036 0.00000 ( 1)
 393 L   0.94408 0.05576 0.00016 ( 1)
 394 E   0.95938 0.04062 0.00000 ( 1)
 395 A   0.95073 0.04925 0.00002 ( 1)
 396 C   0.95217 0.04782 0.00001 ( 1)
 397 V   0.95117 0.04882 0.00001 ( 1)
 398 Q   0.00000 0.38907 0.61093 ( 3)
 399 A   0.95964 0.04036 0.00000 ( 1)
 400 R   0.95234 0.04765 0.00001 ( 1)
 401 N   0.96050 0.03950 0.00000 ( 1)
 402 E   0.95154 0.04845 0.00001 ( 1)
 403 G   0.94883 0.05114 0.00003 ( 1)
 404 R   0.94794 0.05203 0.00004 ( 1)
 405 D   0.96655 0.03345 0.00000 ( 1)
 406 L   0.95478 0.04522 0.00000 ( 1)
 407 A   0.95964 0.04036 0.00000 ( 1)
 408 R   0.95234 0.04765 0.00001 ( 1)
 409 E   0.95154 0.04845 0.00001 ( 1)
 410 G   0.95945 0.04055 0.00000 ( 1)
 411 N   0.96050 0.03950 0.00000 ( 1)
 412 E   0.95938 0.04062 0.00000 ( 1)
 413 I   0.00000 0.99155 0.00845 ( 2)
 414 I   0.94182 0.05786 0.00032 ( 1)
 415 R   0.95234 0.04765 0.00001 ( 1)
 416 E   0.95082 0.04917 0.00001 ( 1)
 417 A   0.95925 0.04075 0.00000 ( 1)
 418 S   0.00000 0.00000 1.00000 ( 3)
 419 K   0.95232 0.04767 0.00001 ( 1)
 420 W   0.93798 0.06111 0.00091 ( 1)
 421 S   0.95683 0.04317 0.00000 ( 1)
 422 P   0.95300 0.04699 0.00001 ( 1)
 423 E   0.95938 0.04062 0.00000 ( 1)
 424 L   0.94408 0.05576 0.00016 ( 1)
 425 A   0.95964 0.04036 0.00000 ( 1)
 426 A   0.95964 0.04036 0.00000 ( 1)
 427 A   0.95964 0.04036 0.00000 ( 1)
 428 C   0.00000 0.95022 0.04978 ( 2)
 429 E   0.95154 0.04845 0.00001 ( 1)
 430 V   0.00000 0.05565 0.94435 ( 3)
 431 W   0.93798 0.06111 0.00091 ( 1)
 432 K   0.94469 0.05518 0.00013 ( 1)
 433 E   0.95938 0.04062 0.00000 ( 1)
 434 I   0.94182 0.05786 0.00032 ( 1)
 435 K   0.95232 0.04767 0.00001 ( 1)
 436 F   0.95710 0.04290 0.00000 ( 1)
 437 E   0.95926 0.04074 0.00000 ( 1)
 438 F   0.95698 0.04302 0.00000 ( 1)
 439 E   0.00002 0.99986 0.00011 ( 2)
 440 A   0.95045 0.04953 0.00002 ( 1)
 441 V   0.00000 0.00424 0.99576 ( 3)
 442 D   0.96618 0.03382 0.00000 ( 1)
 443 T   0.95102 0.04896 0.00001 ( 1)
 444 I   0.00000 0.00000 1.00000 ( 3)


lnL = -3317.056742

Bayes Empirical Bayes (BEB) probabilities for 3 classes (class)
(amino acids refer to 1st sequence: luzonicum)

   1 K   0.94269 0.02421 0.03310 ( 1)
   2 D   0.97192 0.01695 0.01113 ( 1)
   3 T   0.94751 0.02327 0.02923 ( 1)
   4 D   0.97192 0.01695 0.01113 ( 1)
   5 I   0.91124 0.02901 0.05975 ( 1)
   6 L   0.90241 0.03007 0.06752 ( 1)
   7 A   0.93840 0.02498 0.03662 ( 1)
   8 A   0.93840 0.02498 0.03662 ( 1)
   9 F   0.91507 0.02852 0.05640 ( 1)
  10 R   0.90421 0.02986 0.06593 ( 1)
  11 V   0.93957 0.02477 0.03566 ( 1)
  12 T   0.94751 0.02327 0.02923 ( 1)
  13 P   0.94445 0.02387 0.03168 ( 1)
  14 Q   0.93819 0.02502 0.03678 ( 1)
  15 P   0.94445 0.02387 0.03168 ( 1)
  16 G   0.93303 0.02589 0.04108 ( 1)
  17 V   0.96061 0.02027 0.01912 ( 1)
  18 P   0.92017 0.02783 0.05200 ( 1)
  19 P   0.29348 0.15012 0.55641 ( 3)
  20 E   0.95909 0.02066 0.02025 ( 1)
  21 E   0.95909 0.02066 0.02025 ( 1)
  22 A   0.93809 0.02504 0.03687 ( 1)
  23 G   0.90459 0.02982 0.06559 ( 1)
  24 A   0.91244 0.02886 0.05870 ( 1)
  25 A   0.90498 0.02977 0.06525 ( 1)
  26 V   0.93957 0.02477 0.03566 ( 1)
  27 A   0.95959 0.02053 0.01988 ( 1)
  28 A   0.91244 0.02886 0.05870 ( 1)
  29 E   0.95909 0.02066 0.02025 ( 1)
  30 S   0.94182 0.02437 0.03381 ( 1)
  31 S   0.94182 0.02437 0.03381 ( 1)
  32 T   0.94751 0.02327 0.02923 ( 1)
  33 G   0.95921 0.02063 0.02016 ( 1)
  34 T   0.92548 0.02707 0.04745 ( 1)
  35 W   0.89905 0.03045 0.07050 ( 1)
  36 T   0.92548 0.02707 0.04745 ( 1)
  37 T   0.94751 0.02327 0.02923 ( 1)
  38 V   0.90603 0.02965 0.06433 ( 1)
  39 W   0.89905 0.03045 0.07050 ( 1)
  40 T   0.94751 0.02327 0.02923 ( 1)
  41 D   0.97192 0.01695 0.01113 ( 1)
  42 G   0.93303 0.02589 0.04108 ( 1)
  43 L   0.94885 0.02299 0.02816 ( 1)
  44 T   0.90080 0.03025 0.06895 ( 1)
  45 S   0.00000 0.00044 0.99956 ( 3)
  46 L   0.94885 0.02299 0.02816 ( 1)
  47 D   0.97192 0.01695 0.01113 ( 1)
  48 R   0.94274 0.02420 0.03306 ( 1)
  49 Y   0.90178 0.03014 0.06807 ( 1)
  50 K   0.94269 0.02421 0.03310 ( 1)
  51 G   0.90459 0.02982 0.06559 ( 1)
  52 R   0.90421 0.02986 0.06593 ( 1)
  53 C   0.89890 0.03047 0.07064 ( 1)
  54 Y   0.90178 0.03014 0.06807 ( 1)
  55 H   0.92067 0.02777 0.05156 ( 1)
  56 I   0.92073 0.02765 0.05162 ( 1)
  57 E   0.94061 0.02459 0.03480 ( 1)
  58 P   0.89814 0.03055 0.07131 ( 1)
  59 V   0.96061 0.02027 0.01912 ( 1)
  60 A   0.95959 0.02053 0.01988 ( 1)
  61 G   0.93249 0.02598 0.04153 ( 1)
  62 E   0.95909 0.02066 0.02025 ( 1)
  63 E   0.95909 0.02066 0.02025 ( 1)
  64 T   0.00000 0.00174 0.99826 ( 3)
  65 Q   0.93819 0.02502 0.03678 ( 1)
  66 F   0.95425 0.02182 0.02393 ( 1)
  67 I   0.95459 0.02174 0.02367 ( 1)
  68 A   0.95959 0.02053 0.01988 ( 1)
  69 Y   0.94863 0.02304 0.02833 ( 1)
  70 V   0.93957 0.02477 0.03566 ( 1)
  71 A   0.95959 0.02053 0.01988 ( 1)
  72 Y   0.90178 0.03014 0.06807 ( 1)
  73 P   0.92239 0.02752 0.05009 ( 1)
  74 L   0.91711 0.02825 0.05463 ( 1)
  75 D   0.94106 0.02451 0.03443 ( 1)
  76 L   0.94885 0.02299 0.02816 ( 1)
  77 F   0.95425 0.02182 0.02393 ( 1)
  78 E   0.95909 0.02066 0.02025 ( 1)
  79 E   0.95909 0.02066 0.02025 ( 1)
  80 G   0.95921 0.02063 0.02016 ( 1)
  81 S   0.94182 0.02437 0.03381 ( 1)
  82 V   0.96061 0.02027 0.01912 ( 1)
  83 T   0.94751 0.02327 0.02923 ( 1)
  84 N   0.92451 0.02722 0.04828 ( 1)
  85 M   0.93314 0.02588 0.04098 ( 1)
  86 F   0.00022 0.04230 0.95748 ( 3)
  87 T   0.94751 0.02327 0.02923 ( 1)
  88 S   0.89594 0.03079 0.07327 ( 1)
  89 I   0.95459 0.02174 0.02367 ( 1)
  90 V   0.90603 0.02965 0.06433 ( 1)
  91 G   0.95921 0.02063 0.02016 ( 1)
  92 N   0.96135 0.02009 0.01856 ( 1)
  93 V   0.93957 0.02477 0.03566 ( 1)
  94 F   0.95425 0.02182 0.02393 ( 1)
  95 G   0.90459 0.02982 0.06559 ( 1)
  96 F   0.91507 0.02852 0.05640 ( 1)
  97 K   0.94269 0.02421 0.03310 ( 1)
  98 A   0.91244 0.02886 0.05870 ( 1)
  99 L   0.88856 0.03155 0.07989 ( 1)
 100 R   0.89531 0.03085 0.07384 ( 1)
 101 A   0.95959 0.02053 0.01988 ( 1)
 102 L   0.91852 0.02806 0.05342 ( 1)
 103 R   0.94274 0.02420 0.03306 ( 1)
 104 L   0.88856 0.03155 0.07989 ( 1)
 105 E   0.95909 0.02066 0.02025 ( 1)
 106 D   0.97192 0.01695 0.01113 ( 1)
 107 L   0.88856 0.03155 0.07989 ( 1)
 108 R   0.90421 0.02986 0.06593 ( 1)
 109 I   0.95459 0.02174 0.02367 ( 1)
 110 P   0.94445 0.02387 0.03168 ( 1)
 111 V   0.96061 0.02027 0.01912 ( 1)
 112 A   0.95959 0.02053 0.01988 ( 1)
 113 Y   0.94863 0.02304 0.02833 ( 1)
 114 V   0.94838 0.02307 0.02855 ( 1)
 115 K   0.94269 0.02421 0.03310 ( 1)
 116 T   0.94751 0.02327 0.02923 ( 1)
 117 F   0.91507 0.02852 0.05640 ( 1)
 118 Q   0.93819 0.02502 0.03678 ( 1)
 119 G   0.91197 0.02892 0.05911 ( 1)
 120 P   0.89168 0.03123 0.07709 ( 1)
 121 P   0.94445 0.02387 0.03168 ( 1)
 122 H   0.95855 0.02080 0.02065 ( 1)
 123 G   0.91204 0.02891 0.05905 ( 1)
 124 I   0.91124 0.02901 0.05975 ( 1)
 125 Q   0.93819 0.02502 0.03678 ( 1)
 126 S   0.00000 0.00025 0.99975 ( 3)
 127 E   0.94043 0.02459 0.03498 ( 1)
 128 R   0.92759 0.02676 0.04566 ( 1)
 129 D   0.97192 0.01695 0.01113 ( 1)
 130 K   0.94269 0.02421 0.03310 ( 1)
 131 L   0.90241 0.03007 0.06752 ( 1)
 132 N   0.92451 0.02722 0.04828 ( 1)
 133 K   0.92047 0.02779 0.05173 ( 1)
 134 Y   0.94863 0.02304 0.02833 ( 1)
 135 G   0.95921 0.02063 0.02016 ( 1)
 136 R   0.94188 0.02436 0.03376 ( 1)
 137 P   0.89814 0.03055 0.07131 ( 1)
 138 L   0.88856 0.03155 0.07989 ( 1)
 139 L   0.90241 0.03007 0.06752 ( 1)
 140 G   0.93303 0.02589 0.04108 ( 1)
 141 C   0.89890 0.03047 0.07064 ( 1)
 142 T   0.94751 0.02327 0.02923 ( 1)
 143 I   0.95459 0.02174 0.02367 ( 1)
 144 K   0.94269 0.02421 0.03310 ( 1)
 145 P   0.94445 0.02387 0.03168 ( 1)
 146 K   0.94269 0.02421 0.03310 ( 1)
 147 L   0.90241 0.03007 0.06752 ( 1)
 148 G   0.90459 0.02982 0.06559 ( 1)
 149 L   0.91711 0.02825 0.05463 ( 1)
 150 S   0.92996 0.02639 0.04366 ( 1)
 151 A   0.95959 0.02053 0.01988 ( 1)
 152 K   0.94269 0.02421 0.03310 ( 1)
 153 N   0.92451 0.02722 0.04828 ( 1)
 154 Y   0.90178 0.03014 0.06807 ( 1)
 155 G   0.95921 0.02063 0.02016 ( 1)
 156 R   0.92736 0.02677 0.04586 ( 1)
 157 A   0.90498 0.02977 0.06525 ( 1)
 158 V   0.96061 0.02027 0.01912 ( 1)
 159 Y   0.31433 0.15431 0.53136 ( 3)
 160 E   0.95909 0.02066 0.02025 ( 1)
 161 C   0.94230 0.02428 0.03342 ( 1)
 162 L   0.90262 0.03005 0.06733 ( 1)
 163 R   0.89946 0.03041 0.07014 ( 1)
 164 G   0.95820 0.02088 0.02092 ( 1)
 165 G   0.93037 0.02632 0.04331 ( 1)
 166 L   0.94627 0.02351 0.03022 ( 1)
 167 D   0.96993 0.01760 0.01247 ( 1)
 168 F   0.95175 0.02238 0.02588 ( 1)
 169 T   0.89855 0.03050 0.07095 ( 1)
 170 K   0.94005 0.02469 0.03526 ( 1)
 171 D   0.93838 0.02495 0.03667 ( 1)
 172 D   0.96993 0.01760 0.01247 ( 1)
 173 E   0.93796 0.02506 0.03698 ( 1)
 174 N   0.92189 0.02759 0.05051 ( 1)
 175 V   0.90367 0.02992 0.06641 ( 1)
 176 N   0.92189 0.02759 0.05051 ( 1)
 177 S   0.89381 0.03101 0.07518 ( 1)
 178 Q   0.93554 0.02548 0.03898 ( 1)
 179 P   0.91980 0.02788 0.05232 ( 1)
 180 F   0.95175 0.02238 0.02588 ( 1)
 181 M   0.93048 0.02631 0.04321 ( 1)
 182 R   0.93902 0.02487 0.03611 ( 1)
 183 W   0.89685 0.03069 0.07247 ( 1)
 184 R   0.92496 0.02715 0.04790 ( 1)
 185 D   0.96993 0.01760 0.01247 ( 1)
 186 R   0.94011 0.02468 0.03521 ( 1)
 187 F   0.91257 0.02884 0.05859 ( 1)
 188 L   0.00000 0.00044 0.99956 ( 3)
 189 F   0.95175 0.02238 0.02588 ( 1)
 190 C   0.93966 0.02476 0.03558 ( 1)
 191 A   0.90997 0.02917 0.06086 ( 1)
 192 E   0.95669 0.02124 0.02207 ( 1)
 193 A   0.93536 0.02550 0.03913 ( 1)
 194 L   0.00000 0.00000 1.00000 ( 3)
 195 F   0.00000 0.00450 0.99550 ( 3)
 196 K   0.94005 0.02469 0.03526 ( 1)
 197 A   0.25186 0.14039 0.60776 ( 3)
 198 Q   0.93554 0.02548 0.03898 ( 1)
 199 A   0.00000 0.01528 0.98471 ( 3)
 200 E   0.95669 0.02124 0.02207 ( 1)
 201 T   0.92286 0.02745 0.04969 ( 1)
 202 G   0.95682 0.02121 0.02197 ( 1)
 203 E   0.95669 0.02124 0.02207 ( 1)
 204 I   0.90879 0.02931 0.06189 ( 1)
 205 K   0.94005 0.02469 0.03526 ( 1)
 206 G   0.90226 0.03008 0.06765 ( 1)
 207 H   0.95614 0.02138 0.02248 ( 1)
 208 Y   0.90157 0.03017 0.06826 ( 1)
 209 L   0.17497 0.12001 0.70501 ( 3)
 210 N   0.95901 0.02068 0.02031 ( 1)
 211 A   0.95720 0.02112 0.02168 ( 1)
 212 T   0.94491 0.02378 0.03131 ( 1)
 213 A   0.90334 0.02996 0.06670 ( 1)
 214 G   0.95681 0.02121 0.02197 ( 1)
 215 T   0.92088 0.02773 0.05139 ( 1)
 216 C   0.89505 0.03088 0.07407 ( 1)
 217 E   0.95483 0.02168 0.02349 ( 1)
 218 E   0.00000 0.00000 1.00000 ( 3)
 219 M   0.92847 0.02662 0.04491 ( 1)
 220 M   0.00000 0.00117 0.99883 ( 3)
 221 K   0.93804 0.02504 0.03692 ( 1)
 222 R   0.90545 0.02971 0.06483 ( 1)
 223 A   0.95535 0.02155 0.02310 ( 1)
 224 V   0.00000 0.00001 0.99999 ( 3)
 225 F   0.94891 0.02296 0.02813 ( 1)
 226 A   0.90813 0.02939 0.06248 ( 1)
 227 R   0.92297 0.02743 0.04960 ( 1)
 228 E   0.95483 0.02168 0.02349 ( 1)
 229 L   0.89842 0.03051 0.07106 ( 1)
 230 G   0.92836 0.02663 0.04501 ( 1)
 231 A   0.00000 0.00009 0.99991 ( 3)
 232 P   0.93982 0.02473 0.03545 ( 1)
 233 I   0.90696 0.02953 0.06351 ( 1)
 234 V   0.93490 0.02557 0.03953 ( 1)
 235 M   0.92847 0.02662 0.04491 ( 1)
 236 H   0.95427 0.02181 0.02392 ( 1)
 237 D   0.93897 0.02485 0.03618 ( 1)
 238 Y   0.89782 0.03058 0.07160 ( 1)
 239 L   0.91268 0.02883 0.05850 ( 1)
 240 T   0.92088 0.02773 0.05139 ( 1)
 241 G   0.90053 0.03028 0.06920 ( 1)
 242 G   0.92836 0.02663 0.04501 ( 1)
 243 F   0.91069 0.02908 0.06023 ( 1)
 244 T   0.94293 0.02415 0.03292 ( 1)
 245 A   0.93373 0.02577 0.04050 ( 1)
 246 N   0.95719 0.02112 0.02168 ( 1)
 247 T   0.94293 0.02415 0.03292 ( 1)
 248 T   0.00000 0.00002 0.99998 ( 3)
 249 L   0.89842 0.03051 0.07106 ( 1)
 250 A   0.00880 0.09299 0.89821 ( 3)
 251 H   0.95427 0.02181 0.02392 ( 1)
 252 Y   0.94407 0.02394 0.03200 ( 1)
 253 C   0.89520 0.03086 0.07394 ( 1)
 254 R   0.90016 0.03032 0.06952 ( 1)
 255 D   0.96837 0.01808 0.01354 ( 1)
 256 N   0.95200 0.02229 0.02571 ( 1)
 257 G   0.90773 0.02944 0.06283 ( 1)
 258 L   0.91405 0.02865 0.05730 ( 1)
 259 L   0.94391 0.02397 0.03212 ( 1)
 260 L   0.94391 0.02397 0.03212 ( 1)
 261 H   0.91579 0.02842 0.05579 ( 1)
 262 I   0.90661 0.02958 0.06382 ( 1)
 263 H   0.91579 0.02842 0.05579 ( 1)
 264 R   0.89236 0.03116 0.07648 ( 1)
 265 A   0.93296 0.02589 0.04114 ( 1)
 266 M   0.92771 0.02673 0.04556 ( 1)
 267 H   0.95356 0.02197 0.02447 ( 1)
 268 A   0.93296 0.02589 0.04114 ( 1)
 269 V   0.95571 0.02146 0.02283 ( 1)
 270 I   0.94944 0.02286 0.02770 ( 1)
 271 D   0.96754 0.01833 0.01412 ( 1)
 272 R   0.92194 0.02758 0.05048 ( 1)
 273 Q   0.91018 0.02908 0.06074 ( 1)
 274 K   0.91497 0.02853 0.05650 ( 1)
 275 N   0.95624 0.02135 0.02241 ( 1)
 276 H   0.95330 0.02203 0.02468 ( 1)
 277 G   0.95399 0.02186 0.02415 ( 1)
 278 M   0.00000 0.00961 0.99039 ( 3)
 279 H   0.91517 0.02851 0.05633 ( 1)
 280 F   0.94882 0.02299 0.02819 ( 1)
 281 R   0.93706 0.02521 0.03773 ( 1)
 282 V   0.93386 0.02575 0.04040 ( 1)
 283 L   0.91307 0.02877 0.05816 ( 1)
 284 A   0.95439 0.02177 0.02384 ( 1)
 285 K   0.93700 0.02522 0.03778 ( 1)
 286 G   0.00000 0.00097 0.99903 ( 3)
 287 L   0.91170 0.02895 0.05935 ( 1)
 288 R   0.93706 0.02521 0.03773 ( 1)
 289 M   0.92743 0.02678 0.04579 ( 1)
 290 S   0.93612 0.02537 0.03850 ( 1)
 291 G   0.95399 0.02186 0.02415 ( 1)
 292 G   0.92732 0.02678 0.04589 ( 1)
 293 D   0.96754 0.01833 0.01412 ( 1)
 294 H   0.95330 0.02203 0.02468 ( 1)
 295 I   0.94917 0.02291 0.02791 ( 1)
 296 H   0.91517 0.02851 0.05633 ( 1)
 297 A   0.00000 0.00101 0.99899 ( 3)
 298 G   0.95399 0.02186 0.02415 ( 1)
 299 T   0.89602 0.03077 0.07321 ( 1)
 300 V   0.93386 0.02575 0.04040 ( 1)
 301 V   0.93386 0.02575 0.04040 ( 1)
 302 G   0.95399 0.02186 0.02415 ( 1)
 303 K   0.93700 0.02522 0.03778 ( 1)
 304 L   0.94318 0.02410 0.03271 ( 1)
 305 E   0.95386 0.02189 0.02424 ( 1)
 306 G   0.89964 0.03038 0.06998 ( 1)
 307 E   0.95386 0.02189 0.02424 ( 1)
 308 R   0.92194 0.02758 0.05048 ( 1)
 309 D   0.00000 0.00031 0.99969 ( 3)
 310 I   0.90607 0.02963 0.06430 ( 1)
 311 T   0.94189 0.02435 0.03376 ( 1)
 312 L   0.89756 0.03061 0.07184 ( 1)
 313 G   0.90679 0.02955 0.06366 ( 1)
 314 F   0.94882 0.02299 0.02819 ( 1)
 315 V   0.95546 0.02152 0.02302 ( 1)
 316 D   0.96754 0.01833 0.01412 ( 1)
 317 L   0.91170 0.02895 0.05935 ( 1)
 318 L   0.88444 0.03194 0.08361 ( 1)
 319 R   0.89214 0.03118 0.07668 ( 1)
 320 D   0.96754 0.01833 0.01412 ( 1)
 321 D   0.96754 0.01833 0.01412 ( 1)
 322 F   0.94882 0.02299 0.02819 ( 1)
 323 I   0.94917 0.02291 0.02791 ( 1)
 324 E   0.95386 0.02189 0.02424 ( 1)
 325 K   0.93700 0.02522 0.03778 ( 1)
 326 D   0.96754 0.01833 0.01412 ( 1)
 327 R   0.89928 0.03042 0.07030 ( 1)
 328 S   0.94819 0.02312 0.02868 ( 1)
 329 R   0.89214 0.03118 0.07668 ( 1)
 330 G   0.95399 0.02186 0.02415 ( 1)
 331 I   0.94917 0.02291 0.02791 ( 1)
 332 Y   0.94304 0.02413 0.03283 ( 1)
 333 F   0.90973 0.02920 0.06107 ( 1)
 334 T   0.94189 0.02435 0.03376 ( 1)
 335 Q   0.93248 0.02598 0.04154 ( 1)
 336 D   0.96754 0.01833 0.01412 ( 1)
 337 W   0.89436 0.03095 0.07469 ( 1)
 338 V   0.90825 0.02937 0.06238 ( 1)
 339 S   0.93612 0.02537 0.03850 ( 1)
 340 L   0.91307 0.02877 0.05816 ( 1)
 341 P   0.91684 0.02828 0.05488 ( 1)
 342 G   0.95399 0.02186 0.02415 ( 1)
 343 V   0.95546 0.02152 0.02302 ( 1)
 344 L   0.88451 0.03194 0.08355 ( 1)
 345 P   0.89362 0.03103 0.07536 ( 1)
 346 V   0.90102 0.03022 0.06876 ( 1)
 347 A   0.01064 0.10227 0.88709 ( 3)
 348 S   0.87880 0.03247 0.08872 ( 1)
 349 G   0.89964 0.03038 0.06998 ( 1)
 350 G   0.95399 0.02186 0.02415 ( 1)
 351 I   0.94917 0.02291 0.02791 ( 1)
 352 H   0.91517 0.02851 0.05633 ( 1)
 353 V   0.95546 0.02152 0.02302 ( 1)
 354 W   0.89436 0.03095 0.07469 ( 1)
 355 H   0.95330 0.02203 0.02468 ( 1)
 356 M   0.92743 0.02678 0.04579 ( 1)
 357 P   0.89350 0.03104 0.07546 ( 1)
 358 A   0.95439 0.02177 0.02384 ( 1)
 359 L   0.88487 0.03190 0.08323 ( 1)
 360 T   0.89602 0.03077 0.07321 ( 1)
 361 E   0.93490 0.02558 0.03952 ( 1)
 362 I   0.90602 0.02964 0.06433 ( 1)
 363 F   0.94882 0.02299 0.02819 ( 1)
 364 G   0.89964 0.03038 0.06998 ( 1)
 365 D   0.96754 0.01833 0.01412 ( 1)
 366 D   0.96754 0.01833 0.01412 ( 1)
 367 S   0.89141 0.03126 0.07733 ( 1)
 368 V   0.93386 0.02575 0.04040 ( 1)
 369 L   0.91307 0.02877 0.05816 ( 1)
 370 Q   0.91017 0.02914 0.06068 ( 1)
 371 F   0.91000 0.02916 0.06084 ( 1)
 372 G   0.95399 0.02186 0.02415 ( 1)
 373 G   0.92732 0.02678 0.04589 ( 1)
 374 G   0.92732 0.02678 0.04589 ( 1)
 375 T   0.94189 0.02435 0.03376 ( 1)
 376 L   0.18837 0.12200 0.68963 ( 3)
 377 G   0.92732 0.02678 0.04589 ( 1)
 378 H   0.91517 0.02851 0.05633 ( 1)
 379 P   0.93871 0.02492 0.03637 ( 1)
 380 W   0.89436 0.03095 0.07469 ( 1)
 381 G   0.92732 0.02678 0.04589 ( 1)
 382 N   0.95624 0.02135 0.02241 ( 1)
 383 A   0.93269 0.02594 0.04137 ( 1)
 384 P   0.89350 0.03104 0.07546 ( 1)
 385 G   0.95399 0.02186 0.02415 ( 1)
 386 A   0.00442 0.05996 0.93562 ( 3)
 387 V   0.93386 0.02575 0.04040 ( 1)
 388 A   0.95439 0.02177 0.02384 ( 1)
 389 N   0.95624 0.02135 0.02241 ( 1)
 390 R   0.89928 0.03042 0.07030 ( 1)
 391 V   0.93321 0.02585 0.04094 ( 1)
 392 A   0.95439 0.02177 0.02384 ( 1)
 393 L   0.91307 0.02877 0.05816 ( 1)
 394 E   0.95386 0.02189 0.02424 ( 1)
 395 A   0.93269 0.02594 0.04137 ( 1)
 396 C   0.93661 0.02529 0.03810 ( 1)
 397 V   0.93386 0.02575 0.04040 ( 1)
 398 Q   0.00012 0.02850 0.97138 ( 3)
 399 A   0.95439 0.02177 0.02384 ( 1)
 400 R   0.93706 0.02521 0.03773 ( 1)
 401 N   0.95624 0.02135 0.02241 ( 1)
 402 E   0.93490 0.02558 0.03952 ( 1)
 403 G   0.92732 0.02678 0.04589 ( 1)
 404 R   0.92472 0.02717 0.04811 ( 1)
 405 D   0.96754 0.01833 0.01412 ( 1)
 406 L   0.94327 0.02409 0.03264 ( 1)
 407 A   0.95439 0.02177 0.02384 ( 1)
 408 R   0.93706 0.02521 0.03773 ( 1)
 409 E   0.93490 0.02558 0.03952 ( 1)
 410 G   0.95399 0.02186 0.02415 ( 1)
 411 N   0.95624 0.02135 0.02241 ( 1)
 412 E   0.95386 0.02189 0.02424 ( 1)
 413 I   0.00971 0.09667 0.89363 ( 3)
 414 I   0.90602 0.02964 0.06433 ( 1)
 415 R   0.93706 0.02521 0.03773 ( 1)
 416 E   0.93297 0.02590 0.04113 ( 1)
 417 A   0.95359 0.02196 0.02445 ( 1)
 418 S   0.00000 0.00000 1.00000 ( 3)
 419 K   0.93700 0.02522 0.03778 ( 1)
 420 W   0.89436 0.03095 0.07469 ( 1)
 421 S   0.94819 0.02312 0.02868 ( 1)
 422 P   0.93878 0.02491 0.03631 ( 1)
 423 E   0.95386 0.02189 0.02424 ( 1)
 424 L   0.91307 0.02877 0.05816 ( 1)
 425 A   0.95439 0.02177 0.02384 ( 1)
 426 A   0.95439 0.02177 0.02384 ( 1)
 427 A   0.95439 0.02177 0.02384 ( 1)
 428 C   0.00708 0.07957 0.91334 ( 3)
 429 E   0.93490 0.02558 0.03952 ( 1)
 430 V   0.00013 0.02936 0.97051 ( 3)
 431 W   0.89436 0.03095 0.07469 ( 1)
 432 K   0.91497 0.02853 0.05650 ( 1)
 433 E   0.95386 0.02189 0.02424 ( 1)
 434 I   0.90602 0.02964 0.06433 ( 1)
 435 K   0.93700 0.02522 0.03778 ( 1)
 436 F   0.94882 0.02299 0.02819 ( 1)
 437 E   0.95359 0.02195 0.02445 ( 1)
 438 F   0.94854 0.02305 0.02841 ( 1)
 439 E   0.35308 0.16423 0.48268 ( 3)
 440 A   0.93190 0.02607 0.04204 ( 1)
 441 V   0.00000 0.00415 0.99585 ( 3)
 442 D   0.96691 0.01852 0.01457 ( 1)
 443 T   0.93347 0.02581 0.04072 ( 1)
 444 I   0.00000 0.00000 1.00000 ( 3)
