Supplemental results for CODEML (seqf: clean_aligned_paml.phylip  treef: radseq_pruned_ur_clades.tre)


MLEs of dN/dS (w) for site classes (K=3)

site class             0         1         2
proportion        0.88095   0.07154   0.04751
branch type 0:    0.00000   1.00000  17.46049
branch type 1:    0.00000   1.00000  19.85625
branch type 2:    0.00000   1.00000   8.45647
branch type 3:    0.00000   1.00000 160.79818

Naive Empirical Bayes (NEB) probabilities for 3 classes
(amino acids refer to 1st sequence: luzonicum)

   1 K   0.95454 0.04546 0.00000 ( 1)
   2 D   0.96928 0.03072 0.00000 ( 1)
   3 T   0.95652 0.04348 0.00000 ( 1)
   4 D   0.96928 0.03072 0.00000 ( 1)
   5 I   0.94357 0.05632 0.00011 ( 1)
   6 L   0.94084 0.05888 0.00028 ( 1)
   7 A   0.95287 0.04713 0.00000 ( 1)
   8 A   0.95287 0.04713 0.00000 ( 1)
   9 F   0.94480 0.05513 0.00007 ( 1)
  10 R   0.94139 0.05837 0.00024 ( 1)
  11 V   0.95332 0.04667 0.00000 ( 1)
  12 T   0.95652 0.04348 0.00000 ( 1)
  13 P   0.95526 0.04474 0.00000 ( 1)
  14 Q   0.95281 0.04719 0.00000 ( 1)
  15 P   0.95526 0.04474 0.00000 ( 1)
  16 G   0.95086 0.04914 0.00001 ( 1)
  17 V   0.96271 0.03729 0.00000 ( 1)
  18 P   0.94646 0.05350 0.00004 ( 1)
  19 P   0.00002 0.99953 0.00044 ( 2)
  20 E   0.96192 0.03808 0.00000 ( 1)
  21 E   0.96192 0.03808 0.00000 ( 1)
  22 A   0.95274 0.04726 0.00000 ( 1)
  23 G   0.94149 0.05827 0.00023 ( 1)
  24 A   0.94395 0.05595 0.00010 ( 1)
  25 A   0.94162 0.05816 0.00023 ( 1)
  26 V   0.95332 0.04667 0.00000 ( 1)
  27 A   0.96217 0.03783 0.00000 ( 1)
  28 A   0.94395 0.05595 0.00010 ( 1)
  29 E   0.96192 0.03808 0.00000 ( 1)
  30 S   0.95419 0.04580 0.00000 ( 1)
  31 S   0.95419 0.04580 0.00000 ( 1)
  32 T   0.95652 0.04348 0.00000 ( 1)
  33 G   0.96197 0.03803 0.00000 ( 1)
  34 T   0.94819 0.05179 0.00002 ( 1)
  35 W   0.93979 0.05982 0.00040 ( 1)
  36 T   0.94819 0.05179 0.00002 ( 1)
  37 T   0.95652 0.04348 0.00000 ( 1)
  38 V   0.94195 0.05785 0.00020 ( 1)
  39 W   0.93979 0.05982 0.00040 ( 1)
  40 T   0.95652 0.04348 0.00000 ( 1)
  41 D   0.96928 0.03072 0.00000 ( 1)
  42 G   0.95086 0.04914 0.00001 ( 1)
  43 L   0.95713 0.04287 0.00000 ( 1)
  44 T   0.94030 0.05936 0.00034 ( 1)
  45 S   0.00000 0.00000 1.00000 ( 3)
  46 L   0.95713 0.04287 0.00000 ( 1)
  47 D   0.96928 0.03072 0.00000 ( 1)
  48 R   0.95457 0.04543 0.00000 ( 1)
  49 Y   0.94063 0.05906 0.00031 ( 1)
  50 K   0.95454 0.04546 0.00000 ( 1)
  51 G   0.94149 0.05827 0.00023 ( 1)
  52 R   0.94139 0.05837 0.00024 ( 1)
  53 C   0.93972 0.05987 0.00040 ( 1)
  54 Y   0.94063 0.05906 0.00031 ( 1)
  55 H   0.94661 0.05335 0.00004 ( 1)
  56 I   0.94676 0.05316 0.00008 ( 1)
  57 E   0.95373 0.04626 0.00000 ( 1)
  58 P   0.93948 0.06008 0.00044 ( 1)
  59 V   0.96271 0.03729 0.00000 ( 1)
  60 A   0.96217 0.03783 0.00000 ( 1)
  61 G   0.95066 0.04933 0.00001 ( 1)
  62 E   0.96192 0.03808 0.00000 ( 1)
  63 E   0.96192 0.03808 0.00000 ( 1)
  64 T   0.00000 0.00337 0.99663 ( 3)
  65 Q   0.95281 0.04719 0.00000 ( 1)
  66 F   0.95955 0.04045 0.00000 ( 1)
  67 I   0.95970 0.04030 0.00000 ( 1)
  68 A   0.96217 0.03783 0.00000 ( 1)
  69 Y   0.95703 0.04297 0.00000 ( 1)
  70 V   0.95332 0.04667 0.00000 ( 1)
  71 A   0.96217 0.03783 0.00000 ( 1)
  72 Y   0.94063 0.05906 0.00031 ( 1)
  73 P   0.94717 0.05280 0.00003 ( 1)
  74 L   0.94546 0.05448 0.00006 ( 1)
  75 D   0.95391 0.04609 0.00000 ( 1)
  76 L   0.95713 0.04287 0.00000 ( 1)
  77 F   0.95955 0.04045 0.00000 ( 1)
  78 E   0.96192 0.03808 0.00000 ( 1)
  79 E   0.96192 0.03808 0.00000 ( 1)
  80 G   0.96197 0.03803 0.00000 ( 1)
  81 S   0.95419 0.04580 0.00000 ( 1)
  82 V   0.96271 0.03729 0.00000 ( 1)
  83 T   0.95652 0.04348 0.00000 ( 1)
  84 N   0.94788 0.05210 0.00002 ( 1)
  85 M   0.95088 0.04911 0.00001 ( 1)
  86 F   0.00000 0.98815 0.01185 ( 2)
  87 T   0.95652 0.04348 0.00000 ( 1)
  88 S   0.93878 0.06068 0.00054 ( 1)
  89 I   0.95970 0.04030 0.00000 ( 1)
  90 V   0.94195 0.05785 0.00020 ( 1)
  91 G   0.96197 0.03803 0.00000 ( 1)
  92 N   0.96307 0.03693 0.00000 ( 1)
  93 V   0.95332 0.04667 0.00000 ( 1)
  94 F   0.95955 0.04045 0.00000 ( 1)
  95 G   0.94149 0.05827 0.00023 ( 1)
  96 F   0.94480 0.05513 0.00007 ( 1)
  97 K   0.95454 0.04546 0.00000 ( 1)
  98 A   0.94395 0.05595 0.00010 ( 1)
  99 L   0.93632 0.06262 0.00106 ( 1)
 100 R   0.93858 0.06085 0.00057 ( 1)
 101 A   0.96217 0.03783 0.00000 ( 1)
 102 L   0.94591 0.05404 0.00005 ( 1)
 103 R   0.95457 0.04543 0.00000 ( 1)
 104 L   0.93632 0.06262 0.00106 ( 1)
 105 E   0.96192 0.03808 0.00000 ( 1)
 106 D   0.96928 0.03072 0.00000 ( 1)
 107 L   0.93632 0.06262 0.00106 ( 1)
 108 R   0.94139 0.05837 0.00024 ( 1)
 109 I   0.95970 0.04030 0.00000 ( 1)
 110 P   0.95526 0.04474 0.00000 ( 1)
 111 V   0.96271 0.03729 0.00000 ( 1)
 112 A   0.96217 0.03783 0.00000 ( 1)
 113 Y   0.95703 0.04297 0.00000 ( 1)
 114 V   0.95696 0.04304 0.00000 ( 1)
 115 K   0.95454 0.04546 0.00000 ( 1)
 116 T   0.95652 0.04348 0.00000 ( 1)
 117 F   0.94480 0.05513 0.00007 ( 1)
 118 Q   0.95281 0.04719 0.00000 ( 1)
 119 G   0.94380 0.05609 0.00011 ( 1)
 120 P   0.93737 0.06182 0.00080 ( 1)
 121 P   0.95526 0.04474 0.00000 ( 1)
 122 H   0.96164 0.03836 0.00000 ( 1)
 123 G   0.94382 0.05607 0.00011 ( 1)
 124 I   0.94357 0.05632 0.00011 ( 1)
 125 Q   0.95281 0.04719 0.00000 ( 1)
 126 S   0.00000 0.00003 0.99997 ( 3)
 127 E   0.95369 0.04627 0.00004 ( 1)
 128 R   0.94892 0.05107 0.00001 ( 1)
 129 D   0.96928 0.03072 0.00000 ( 1)
 130 K   0.95454 0.04546 0.00000 ( 1)
 131 L   0.94084 0.05888 0.00028 ( 1)
 132 N   0.94788 0.05210 0.00002 ( 1)
 133 K   0.94653 0.05343 0.00004 ( 1)
 134 Y   0.95703 0.04297 0.00000 ( 1)
 135 G   0.96197 0.03803 0.00000 ( 1)
 136 R   0.95423 0.04577 0.00000 ( 1)
 137 P   0.93948 0.06008 0.00044 ( 1)
 138 L   0.93632 0.06262 0.00106 ( 1)
 139 L   0.94084 0.05888 0.00028 ( 1)
 140 G   0.95086 0.04914 0.00001 ( 1)
 141 C   0.93972 0.05987 0.00040 ( 1)
 142 T   0.95652 0.04348 0.00000 ( 1)
 143 I   0.95970 0.04030 0.00000 ( 1)
 144 K   0.95454 0.04546 0.00000 ( 1)
 145 P   0.95526 0.04474 0.00000 ( 1)
 146 K   0.95454 0.04546 0.00000 ( 1)
 147 L   0.94084 0.05888 0.00028 ( 1)
 148 G   0.94149 0.05827 0.00023 ( 1)
 149 L   0.94546 0.05448 0.00006 ( 1)
 150 S   0.94978 0.05021 0.00001 ( 1)
 151 A   0.96217 0.03783 0.00000 ( 1)
 152 K   0.95454 0.04546 0.00000 ( 1)
 153 N   0.94788 0.05210 0.00002 ( 1)
 154 Y   0.94063 0.05906 0.00031 ( 1)
 155 G   0.96197 0.03803 0.00000 ( 1)
 156 R   0.94887 0.05111 0.00002 ( 1)
 157 A   0.94162 0.05816 0.00023 ( 1)
 158 V   0.96271 0.03729 0.00000 ( 1)
 159 Y   0.00002 0.99977 0.00021 ( 2)
 160 E   0.96192 0.03808 0.00000 ( 1)
 161 C   0.95439 0.04561 0.00000 ( 1)
 162 L   0.94088 0.05883 0.00029 ( 1)
 163 R   0.93989 0.05972 0.00039 ( 1)
 164 G   0.96147 0.03853 0.00000 ( 1)
 165 G   0.94991 0.05007 0.00002 ( 1)
 166 L   0.95604 0.04395 0.00000 ( 1)
 167 D   0.96803 0.03197 0.00000 ( 1)
 168 F   0.95842 0.04158 0.00000 ( 1)
 169 T   0.93950 0.05996 0.00054 ( 1)
 170 K   0.95351 0.04648 0.00000 ( 1)
 171 D   0.95296 0.04703 0.00001 ( 1)
 172 D   0.96803 0.03197 0.00000 ( 1)
 173 E   0.95272 0.04727 0.00000 ( 1)
 174 N   0.94700 0.05295 0.00005 ( 1)
 175 V   0.94115 0.05851 0.00034 ( 1)
 176 N   0.94700 0.05295 0.00005 ( 1)
 177 S   0.93794 0.06124 0.00082 ( 1)
 178 Q   0.95182 0.04817 0.00001 ( 1)
 179 P   0.94631 0.05363 0.00006 ( 1)
 180 F   0.95842 0.04158 0.00000 ( 1)
 181 M   0.94994 0.05005 0.00001 ( 1)
 182 R   0.95312 0.04688 0.00001 ( 1)
 183 W   0.93897 0.06041 0.00062 ( 1)
 184 R   0.94802 0.05195 0.00003 ( 1)
 185 D   0.96803 0.03197 0.00000 ( 1)
 186 R   0.95354 0.04646 0.00000 ( 1)
 187 F   0.94398 0.05589 0.00013 ( 1)
 188 L   0.00000 0.00000 1.00000 ( 3)
 189 F   0.95842 0.04158 0.00000 ( 1)
 190 C   0.95336 0.04663 0.00000 ( 1)
 191 A   0.94315 0.05668 0.00018 ( 1)
 192 E   0.96076 0.03924 0.00000 ( 1)
 193 A   0.95172 0.04827 0.00001 ( 1)
 194 L   0.00000 0.00000 1.00000 ( 3)
 195 F   0.00000 0.01383 0.98617 ( 3)
 196 K   0.95351 0.04648 0.00000 ( 1)
 197 A   0.00002 0.99623 0.00375 ( 2)
 198 Q   0.95182 0.04817 0.00001 ( 1)
 199 A   0.00000 0.68526 0.31474 ( 2)
 200 E   0.96076 0.03924 0.00000 ( 1)
 201 T   0.94731 0.05265 0.00004 ( 1)
 202 G   0.96080 0.03920 0.00000 ( 1)
 203 E   0.96076 0.03924 0.00000 ( 1)
 204 I   0.94277 0.05703 0.00020 ( 1)
 205 K   0.95351 0.04648 0.00000 ( 1)
 206 G   0.94070 0.05892 0.00038 ( 1)
 207 H   0.96048 0.03952 0.00000 ( 1)
 208 Y   0.94047 0.05912 0.00041 ( 1)
 209 L   0.00001 0.93995 0.06003 ( 2)
 210 N   0.96188 0.03812 0.00000 ( 1)
 211 A   0.96099 0.03901 0.00000 ( 1)
 212 T   0.95545 0.04454 0.00000 ( 1)
 213 A   0.94103 0.05862 0.00035 ( 1)
 214 G   0.96080 0.03920 0.00000 ( 1)
 215 T   0.94667 0.05328 0.00005 ( 1)
 216 C   0.93839 0.06089 0.00072 ( 1)
 217 E   0.95989 0.04011 0.00000 ( 1)
 218 E   0.00000 0.00000 1.00000 ( 3)
 219 M   0.94925 0.05073 0.00002 ( 1)
 220 M   0.00000 0.00005 0.99995 ( 3)
 221 K   0.95276 0.04724 0.00000 ( 1)
 222 R   0.94174 0.05799 0.00027 ( 1)
 223 A   0.96012 0.03988 0.00000 ( 1)
 224 V   0.00000 0.00000 1.00000 ( 3)
 225 F   0.95721 0.04279 0.00000 ( 1)
 226 A   0.94258 0.05721 0.00021 ( 1)
 227 R   0.94737 0.05259 0.00004 ( 1)
 228 E   0.95989 0.04011 0.00000 ( 1)
 229 L   0.93951 0.05996 0.00053 ( 1)
 230 G   0.94922 0.05076 0.00002 ( 1)
 231 A   0.00000 0.00000 1.00000 ( 3)
 232 P   0.95345 0.04655 0.00000 ( 1)
 233 I   0.94221 0.05756 0.00023 ( 1)
 234 V   0.95159 0.04840 0.00001 ( 1)
 235 M   0.94925 0.05073 0.00002 ( 1)
 236 H   0.95961 0.04039 0.00000 ( 1)
 237 D   0.95317 0.04683 0.00000 ( 1)
 238 Y   0.93930 0.06014 0.00056 ( 1)
 239 L   0.94404 0.05583 0.00013 ( 1)
 240 T   0.94667 0.05328 0.00005 ( 1)
 241 G   0.94016 0.05939 0.00044 ( 1)
 242 G   0.94922 0.05076 0.00002 ( 1)
 243 F   0.94340 0.05644 0.00016 ( 1)
 244 T   0.95466 0.04533 0.00000 ( 1)
 245 A   0.95115 0.04884 0.00001 ( 1)
 246 N   0.96100 0.03900 0.00000 ( 1)
 247 T   0.95466 0.04533 0.00000 ( 1)
 248 T   0.00000 0.00000 1.00000 ( 3)
 249 L   0.93951 0.05996 0.00053 ( 1)
 250 A   0.00000 0.99345 0.00655 ( 2)
 251 H   0.95961 0.04039 0.00000 ( 1)
 252 Y   0.95515 0.04485 0.00000 ( 1)
 253 C   0.93843 0.06085 0.00073 ( 1)
 254 R   0.94006 0.05949 0.00046 ( 1)
 255 D   0.96709 0.03291 0.00000 ( 1)
 256 N   0.95857 0.04143 0.00000 ( 1)
 257 G   0.94245 0.05733 0.00022 ( 1)
 258 L   0.94448 0.05541 0.00011 ( 1)
 259 L   0.95509 0.04491 0.00000 ( 1)
 260 L   0.95509 0.04491 0.00000 ( 1)
 261 H   0.94503 0.05488 0.00009 ( 1)
 262 I   0.94210 0.05766 0.00024 ( 1)
 263 H   0.94503 0.05488 0.00009 ( 1)
 264 R   0.93747 0.06161 0.00092 ( 1)
 265 A   0.95087 0.04912 0.00001 ( 1)
 266 M   0.94899 0.05099 0.00002 ( 1)
 267 H   0.95929 0.04071 0.00000 ( 1)
 268 A   0.95087 0.04912 0.00001 ( 1)
 269 V   0.96031 0.03969 0.00000 ( 1)
 270 I   0.95741 0.04259 0.00000 ( 1)
 271 D   0.96660 0.03340 0.00000 ( 1)
 272 R   0.94702 0.05293 0.00006 ( 1)
 273 Q   0.94333 0.05645 0.00022 ( 1)
 274 K   0.94474 0.05514 0.00012 ( 1)
 275 N   0.96054 0.03946 0.00000 ( 1)
 276 H   0.95916 0.04084 0.00000 ( 1)
 277 G   0.95948 0.04052 0.00000 ( 1)
 278 M   0.00000 0.01132 0.98868 ( 3)
 279 H   0.94481 0.05507 0.00012 ( 1)
 280 F   0.95715 0.04285 0.00000 ( 1)
 281 R   0.95239 0.04761 0.00001 ( 1)
 282 V   0.95120 0.04878 0.00001 ( 1)
 283 L   0.94414 0.05570 0.00015 ( 1)
 284 A   0.95967 0.04033 0.00000 ( 1)
 285 K   0.95236 0.04763 0.00001 ( 1)
 286 G   0.00000 0.00000 1.00000 ( 3)
 287 L   0.94370 0.05612 0.00018 ( 1)
 288 R   0.95239 0.04761 0.00001 ( 1)
 289 M   0.94888 0.05109 0.00003 ( 1)
 290 S   0.95203 0.04796 0.00001 ( 1)
 291 G   0.95948 0.04052 0.00000 ( 1)
 292 G   0.94886 0.05111 0.00003 ( 1)
 293 D   0.96660 0.03340 0.00000 ( 1)
 294 H   0.95916 0.04084 0.00000 ( 1)
 295 I   0.95729 0.04271 0.00000 ( 1)
 296 H   0.94481 0.05507 0.00012 ( 1)
 297 A   0.00000 0.00001 0.99999 ( 3)
 298 G   0.95948 0.04052 0.00000 ( 1)
 299 T   0.93859 0.06063 0.00078 ( 1)
 300 V   0.95120 0.04878 0.00001 ( 1)
 301 V   0.95120 0.04878 0.00001 ( 1)
 302 G   0.95948 0.04052 0.00000 ( 1)
 303 K   0.95236 0.04763 0.00001 ( 1)
 304 L   0.95479 0.04520 0.00000 ( 1)
 305 E   0.95943 0.04057 0.00000 ( 1)
 306 G   0.93980 0.05963 0.00057 ( 1)
 307 E   0.95943 0.04057 0.00000 ( 1)
 308 R   0.94702 0.05293 0.00006 ( 1)
 309 D   0.00000 0.00000 1.00000 ( 3)
 310 I   0.94188 0.05780 0.00033 ( 1)
 311 T   0.95425 0.04574 0.00000 ( 1)
 312 L   0.93914 0.06019 0.00067 ( 1)
 313 G   0.94211 0.05760 0.00029 ( 1)
 314 F   0.95715 0.04285 0.00000 ( 1)
 315 V   0.96019 0.03981 0.00000 ( 1)
 316 D   0.96660 0.03340 0.00000 ( 1)
 317 L   0.94370 0.05612 0.00018 ( 1)
 318 L   0.93437 0.06361 0.00202 ( 1)
 319 R   0.93726 0.06166 0.00108 ( 1)
 320 D   0.96660 0.03340 0.00000 ( 1)
 321 D   0.96660 0.03340 0.00000 ( 1)
 322 F   0.95715 0.04285 0.00000 ( 1)
 323 I   0.95729 0.04271 0.00000 ( 1)
 324 E   0.95943 0.04057 0.00000 ( 1)
 325 K   0.95236 0.04763 0.00001 ( 1)
 326 D   0.96660 0.03340 0.00000 ( 1)
 327 R   0.93969 0.05973 0.00059 ( 1)
 328 S   0.95686 0.04314 0.00000 ( 1)
 329 R   0.93726 0.06166 0.00108 ( 1)
 330 G   0.95948 0.04052 0.00000 ( 1)
 331 I   0.95729 0.04271 0.00000 ( 1)
 332 Y   0.95473 0.04527 0.00000 ( 1)
 333 F   0.94306 0.05673 0.00021 ( 1)
 334 T   0.95425 0.04574 0.00000 ( 1)
 335 Q   0.95071 0.04927 0.00001 ( 1)
 336 D   0.96660 0.03340 0.00000 ( 1)
 337 W   0.93806 0.06106 0.00089 ( 1)
 338 V   0.94258 0.05716 0.00026 ( 1)
 339 S   0.95203 0.04796 0.00001 ( 1)
 340 L   0.94414 0.05570 0.00015 ( 1)
 341 P   0.94535 0.05455 0.00010 ( 1)
 342 G   0.95948 0.04052 0.00000 ( 1)
 343 V   0.96019 0.03981 0.00000 ( 1)
 344 L   0.93440 0.06360 0.00201 ( 1)
 345 P   0.93778 0.06127 0.00095 ( 1)
 346 V   0.94025 0.05924 0.00051 ( 1)
 347 A   0.00000 0.99482 0.00518 ( 2)
 348 S   0.93190 0.06499 0.00311 ( 1)
 349 G   0.93980 0.05963 0.00057 ( 1)
 350 G   0.95948 0.04052 0.00000 ( 1)
 351 I   0.95729 0.04271 0.00000 ( 1)
 352 H   0.94481 0.05507 0.00012 ( 1)
 353 V   0.96019 0.03981 0.00000 ( 1)
 354 W   0.93806 0.06106 0.00089 ( 1)
 355 H   0.95916 0.04084 0.00000 ( 1)
 356 M   0.94888 0.05109 0.00003 ( 1)
 357 P   0.93774 0.06130 0.00096 ( 1)
 358 A   0.95967 0.04033 0.00000 ( 1)
 359 L   0.93452 0.06349 0.00199 ( 1)
 360 T   0.93859 0.06063 0.00078 ( 1)
 361 E   0.95159 0.04840 0.00001 ( 1)
 362 I   0.94186 0.05783 0.00031 ( 1)
 363 F   0.95715 0.04285 0.00000 ( 1)
 364 G   0.93980 0.05963 0.00057 ( 1)
 365 D   0.96660 0.03340 0.00000 ( 1)
 366 D   0.96660 0.03340 0.00000 ( 1)
 367 S   0.93700 0.06185 0.00115 ( 1)
 368 V   0.95120 0.04878 0.00001 ( 1)
 369 L   0.94414 0.05570 0.00015 ( 1)
 370 Q   0.94322 0.05658 0.00020 ( 1)
 371 F   0.94315 0.05663 0.00022 ( 1)
 372 G   0.95948 0.04052 0.00000 ( 1)
 373 G   0.94886 0.05111 0.00003 ( 1)
 374 G   0.94886 0.05111 0.00003 ( 1)
 375 T   0.95425 0.04574 0.00000 ( 1)
 376 L   0.00002 0.94804 0.05194 ( 2)
 377 G   0.94886 0.05111 0.00003 ( 1)
 378 H   0.94481 0.05507 0.00012 ( 1)
 379 P   0.95302 0.04697 0.00001 ( 1)
 380 W   0.93806 0.06106 0.00089 ( 1)
 381 G   0.94886 0.05111 0.00003 ( 1)
 382 N   0.96054 0.03946 0.00000 ( 1)
 383 A   0.95077 0.04922 0.00002 ( 1)
 384 P   0.93774 0.06130 0.00096 ( 1)
 385 G   0.95948 0.04052 0.00000 ( 1)
 386 A   0.00000 0.00766 0.99234 ( 3)
 387 V   0.95120 0.04878 0.00001 ( 1)
 388 A   0.95967 0.04033 0.00000 ( 1)
 389 N   0.96054 0.03946 0.00000 ( 1)
 390 R   0.93969 0.05973 0.00059 ( 1)
 391 V   0.95097 0.04901 0.00001 ( 1)
 392 A   0.95967 0.04033 0.00000 ( 1)
 393 L   0.94414 0.05570 0.00015 ( 1)
 394 E   0.95943 0.04057 0.00000 ( 1)
 395 A   0.95077 0.04922 0.00002 ( 1)
 396 C   0.95221 0.04778 0.00001 ( 1)
 397 V   0.95120 0.04878 0.00001 ( 1)
 398 Q   0.00000 0.38190 0.61810 ( 3)
 399 A   0.95967 0.04033 0.00000 ( 1)
 400 R   0.95239 0.04761 0.00001 ( 1)
 401 N   0.96054 0.03946 0.00000 ( 1)
 402 E   0.95159 0.04840 0.00001 ( 1)
 403 G   0.94886 0.05111 0.00003 ( 1)
 404 R   0.94799 0.05197 0.00004 ( 1)
 405 D   0.96660 0.03340 0.00000 ( 1)
 406 L   0.95483 0.04517 0.00000 ( 1)
 407 A   0.95967 0.04033 0.00000 ( 1)
 408 R   0.95239 0.04761 0.00001 ( 1)
 409 E   0.95159 0.04840 0.00001 ( 1)
 410 G   0.95948 0.04052 0.00000 ( 1)
 411 N   0.96054 0.03946 0.00000 ( 1)
 412 E   0.95943 0.04057 0.00000 ( 1)
 413 I   0.00000 0.99179 0.00821 ( 2)
 414 I   0.94186 0.05783 0.00031 ( 1)
 415 R   0.95239 0.04761 0.00001 ( 1)
 416 E   0.95088 0.04911 0.00001 ( 1)
 417 A   0.95926 0.04074 0.00000 ( 1)
 418 S   0.00000 0.00000 1.00000 ( 3)
 419 K   0.95236 0.04763 0.00001 ( 1)
 420 W   0.93806 0.06106 0.00089 ( 1)
 421 S   0.95686 0.04314 0.00000 ( 1)
 422 P   0.95305 0.04695 0.00001 ( 1)
 423 E   0.95943 0.04057 0.00000 ( 1)
 424 L   0.94414 0.05570 0.00015 ( 1)
 425 A   0.95967 0.04033 0.00000 ( 1)
 426 A   0.95967 0.04033 0.00000 ( 1)
 427 A   0.95967 0.04033 0.00000 ( 1)
 428 C   0.00000 0.94987 0.05013 ( 2)
 429 E   0.95159 0.04840 0.00001 ( 1)
 430 V   0.00000 0.05662 0.94338 ( 3)
 431 W   0.93806 0.06106 0.00089 ( 1)
 432 K   0.94474 0.05514 0.00012 ( 1)
 433 E   0.95943 0.04057 0.00000 ( 1)
 434 I   0.94186 0.05783 0.00031 ( 1)
 435 K   0.95236 0.04763 0.00001 ( 1)
 436 F   0.95715 0.04285 0.00000 ( 1)
 437 E   0.95931 0.04068 0.00000 ( 1)
 438 F   0.95704 0.04296 0.00000 ( 1)
 439 E   0.00002 0.99988 0.00010 ( 2)
 440 A   0.95049 0.04950 0.00002 ( 1)
 441 V   0.00000 0.00555 0.99445 ( 3)
 442 D   0.96623 0.03377 0.00000 ( 1)
 443 T   0.95106 0.04892 0.00001 ( 1)
 444 I   0.00000 0.00000 1.00000 ( 3)


lnL = -3318.289923

Bayes Empirical Bayes (BEB) probabilities for 3 classes (class)
(amino acids refer to 1st sequence: luzonicum)

   1 K   0.94261 0.02420 0.03319 ( 1)
   2 D   0.97189 0.01694 0.01117 ( 1)
   3 T   0.94740 0.02327 0.02933 ( 1)
   4 D   0.97189 0.01694 0.01117 ( 1)
   5 I   0.91115 0.02901 0.05985 ( 1)
   6 L   0.90240 0.03005 0.06755 ( 1)
   7 A   0.93831 0.02497 0.03671 ( 1)
   8 A   0.93831 0.02497 0.03671 ( 1)
   9 F   0.91503 0.02851 0.05646 ( 1)
  10 R   0.90416 0.02985 0.06599 ( 1)
  11 V   0.93948 0.02476 0.03575 ( 1)
  12 T   0.94740 0.02327 0.02933 ( 1)
  13 P   0.94439 0.02386 0.03175 ( 1)
  14 Q   0.93819 0.02500 0.03681 ( 1)
  15 P   0.94439 0.02386 0.03175 ( 1)
  16 G   0.93292 0.02589 0.04119 ( 1)
  17 V   0.96054 0.02026 0.01919 ( 1)
  18 P   0.92015 0.02781 0.05204 ( 1)
  19 P   0.29312 0.14988 0.55700 ( 3)
  20 E   0.95905 0.02065 0.02030 ( 1)
  21 E   0.95905 0.02065 0.02030 ( 1)
  22 A   0.93799 0.02504 0.03698 ( 1)
  23 G   0.90450 0.02981 0.06569 ( 1)
  24 A   0.91235 0.02885 0.05880 ( 1)
  25 A   0.90489 0.02976 0.06535 ( 1)
  26 V   0.93948 0.02476 0.03575 ( 1)
  27 A   0.95952 0.02053 0.01995 ( 1)
  28 A   0.91235 0.02885 0.05880 ( 1)
  29 E   0.95905 0.02065 0.02030 ( 1)
  30 S   0.94175 0.02436 0.03389 ( 1)
  31 S   0.94175 0.02436 0.03389 ( 1)
  32 T   0.94740 0.02327 0.02933 ( 1)
  33 G   0.95913 0.02063 0.02024 ( 1)
  34 T   0.92536 0.02707 0.04757 ( 1)
  35 W   0.89904 0.03043 0.07053 ( 1)
  36 T   0.92536 0.02707 0.04757 ( 1)
  37 T   0.94740 0.02327 0.02933 ( 1)
  38 V   0.90595 0.02964 0.06442 ( 1)
  39 W   0.89904 0.03043 0.07053 ( 1)
  40 T   0.94740 0.02327 0.02933 ( 1)
  41 D   0.97189 0.01694 0.01117 ( 1)
  42 G   0.93292 0.02589 0.04119 ( 1)
  43 L   0.94880 0.02298 0.02822 ( 1)
  44 T   0.90069 0.03025 0.06906 ( 1)
  45 S   0.00000 0.00045 0.99955 ( 3)
  46 L   0.94880 0.02298 0.02822 ( 1)
  47 D   0.97189 0.01694 0.01117 ( 1)
  48 R   0.94268 0.02419 0.03313 ( 1)
  49 Y   0.90173 0.03013 0.06814 ( 1)
  50 K   0.94261 0.02420 0.03319 ( 1)
  51 G   0.90450 0.02981 0.06569 ( 1)
  52 R   0.90416 0.02985 0.06599 ( 1)
  53 C   0.89884 0.03045 0.07071 ( 1)
  54 Y   0.90173 0.03013 0.06814 ( 1)
  55 H   0.92064 0.02775 0.05161 ( 1)
  56 I   0.92057 0.02765 0.05178 ( 1)
  57 E   0.94058 0.02458 0.03485 ( 1)
  58 P   0.89808 0.03054 0.07138 ( 1)
  59 V   0.96054 0.02026 0.01919 ( 1)
  60 A   0.95952 0.02053 0.01995 ( 1)
  61 G   0.93238 0.02597 0.04164 ( 1)
  62 E   0.95905 0.02065 0.02030 ( 1)
  63 E   0.95905 0.02065 0.02030 ( 1)
  64 T   0.00000 0.00174 0.99826 ( 3)
  65 Q   0.93819 0.02500 0.03681 ( 1)
  66 F   0.95420 0.02181 0.02398 ( 1)
  67 I   0.95450 0.02174 0.02376 ( 1)
  68 A   0.95952 0.02053 0.01995 ( 1)
  69 Y   0.94857 0.02303 0.02840 ( 1)
  70 V   0.93948 0.02476 0.03575 ( 1)
  71 A   0.95952 0.02053 0.01995 ( 1)
  72 Y   0.90173 0.03013 0.06814 ( 1)
  73 P   0.92232 0.02751 0.05017 ( 1)
  74 L   0.91710 0.02823 0.05467 ( 1)
  75 D   0.94102 0.02449 0.03448 ( 1)
  76 L   0.94880 0.02298 0.02822 ( 1)
  77 F   0.95420 0.02181 0.02398 ( 1)
  78 E   0.95905 0.02065 0.02030 ( 1)
  79 E   0.95905 0.02065 0.02030 ( 1)
  80 G   0.95913 0.02063 0.02024 ( 1)
  81 S   0.94175 0.02436 0.03389 ( 1)
  82 V   0.96054 0.02026 0.01919 ( 1)
  83 T   0.94740 0.02327 0.02933 ( 1)
  84 N   0.92443 0.02721 0.04836 ( 1)
  85 M   0.93304 0.02588 0.04108 ( 1)
  86 F   0.00022 0.04265 0.95713 ( 3)
  87 T   0.94740 0.02327 0.02933 ( 1)
  88 S   0.89588 0.03077 0.07335 ( 1)
  89 I   0.95450 0.02174 0.02376 ( 1)
  90 V   0.90595 0.02964 0.06442 ( 1)
  91 G   0.95913 0.02063 0.02024 ( 1)
  92 N   0.96128 0.02009 0.01863 ( 1)
  93 V   0.93948 0.02476 0.03575 ( 1)
  94 F   0.95420 0.02181 0.02398 ( 1)
  95 G   0.90450 0.02981 0.06569 ( 1)
  96 F   0.91503 0.02851 0.05646 ( 1)
  97 K   0.94261 0.02420 0.03319 ( 1)
  98 A   0.91235 0.02885 0.05880 ( 1)
  99 L   0.88854 0.03153 0.07993 ( 1)
 100 R   0.89525 0.03084 0.07391 ( 1)
 101 A   0.95952 0.02053 0.01995 ( 1)
 102 L   0.91849 0.02804 0.05346 ( 1)
 103 R   0.94268 0.02419 0.03313 ( 1)
 104 L   0.88854 0.03153 0.07993 ( 1)
 105 E   0.95905 0.02065 0.02030 ( 1)
 106 D   0.97189 0.01694 0.01117 ( 1)
 107 L   0.88854 0.03153 0.07993 ( 1)
 108 R   0.90416 0.02985 0.06599 ( 1)
 109 I   0.95450 0.02174 0.02376 ( 1)
 110 P   0.94439 0.02386 0.03175 ( 1)
 111 V   0.96054 0.02026 0.01919 ( 1)
 112 A   0.95952 0.02053 0.01995 ( 1)
 113 Y   0.94857 0.02303 0.02840 ( 1)
 114 V   0.94833 0.02306 0.02861 ( 1)
 115 K   0.94261 0.02420 0.03319 ( 1)
 116 T   0.94740 0.02327 0.02933 ( 1)
 117 F   0.91503 0.02851 0.05646 ( 1)
 118 Q   0.93819 0.02500 0.03681 ( 1)
 119 G   0.91188 0.02891 0.05921 ( 1)
 120 P   0.89162 0.03122 0.07716 ( 1)
 121 P   0.94439 0.02386 0.03175 ( 1)
 122 H   0.95852 0.02079 0.02069 ( 1)
 123 G   0.91194 0.02890 0.05915 ( 1)
 124 I   0.91115 0.02901 0.05985 ( 1)
 125 Q   0.93819 0.02500 0.03681 ( 1)
 126 S   0.00000 0.00025 0.99975 ( 3)
 127 E   0.94040 0.02458 0.03503 ( 1)
 128 R   0.92748 0.02675 0.04577 ( 1)
 129 D   0.97189 0.01694 0.01117 ( 1)
 130 K   0.94261 0.02420 0.03319 ( 1)
 131 L   0.90240 0.03005 0.06755 ( 1)
 132 N   0.92443 0.02721 0.04836 ( 1)
 133 K   0.92041 0.02778 0.05181 ( 1)
 134 Y   0.94857 0.02303 0.02840 ( 1)
 135 G   0.95913 0.02063 0.02024 ( 1)
 136 R   0.94182 0.02435 0.03384 ( 1)
 137 P   0.89808 0.03054 0.07138 ( 1)
 138 L   0.88854 0.03153 0.07993 ( 1)
 139 L   0.90240 0.03005 0.06755 ( 1)
 140 G   0.93292 0.02589 0.04119 ( 1)
 141 C   0.89884 0.03045 0.07071 ( 1)
 142 T   0.94740 0.02327 0.02933 ( 1)
 143 I   0.95450 0.02174 0.02376 ( 1)
 144 K   0.94261 0.02420 0.03319 ( 1)
 145 P   0.94439 0.02386 0.03175 ( 1)
 146 K   0.94261 0.02420 0.03319 ( 1)
 147 L   0.90240 0.03005 0.06755 ( 1)
 148 G   0.90450 0.02981 0.06569 ( 1)
 149 L   0.91710 0.02823 0.05467 ( 1)
 150 S   0.92992 0.02637 0.04371 ( 1)
 151 A   0.95952 0.02053 0.01995 ( 1)
 152 K   0.94261 0.02420 0.03319 ( 1)
 153 N   0.92443 0.02721 0.04836 ( 1)
 154 Y   0.90173 0.03013 0.06814 ( 1)
 155 G   0.95913 0.02063 0.02024 ( 1)
 156 R   0.92726 0.02677 0.04597 ( 1)
 157 A   0.90489 0.02976 0.06535 ( 1)
 158 V   0.96054 0.02026 0.01919 ( 1)
 159 Y   0.31397 0.15408 0.53195 ( 3)
 160 E   0.95905 0.02065 0.02030 ( 1)
 161 C   0.94224 0.02427 0.03349 ( 1)
 162 L   0.90256 0.03004 0.06741 ( 1)
 163 R   0.89940 0.03039 0.07021 ( 1)
 164 G   0.95813 0.02087 0.02099 ( 1)
 165 G   0.93029 0.02631 0.04340 ( 1)
 166 L   0.94625 0.02349 0.03026 ( 1)
 167 D   0.96992 0.01758 0.01250 ( 1)
 168 F   0.95173 0.02236 0.02591 ( 1)
 169 T   0.89847 0.03049 0.07104 ( 1)
 170 K   0.94000 0.02468 0.03533 ( 1)
 171 D   0.93837 0.02493 0.03670 ( 1)
 172 D   0.96992 0.01758 0.01250 ( 1)
 173 E   0.93796 0.02504 0.03700 ( 1)
 174 N   0.92185 0.02758 0.05058 ( 1)
 175 V   0.90361 0.02991 0.06648 ( 1)
 176 N   0.92185 0.02758 0.05058 ( 1)
 177 S   0.89377 0.03100 0.07524 ( 1)
 178 Q   0.93556 0.02545 0.03899 ( 1)
 179 P   0.91975 0.02787 0.05238 ( 1)
 180 F   0.95173 0.02236 0.02591 ( 1)
 181 M   0.93041 0.02630 0.04329 ( 1)
 182 R   0.93898 0.02486 0.03616 ( 1)
 183 W   0.89685 0.03067 0.07248 ( 1)
 184 R   0.92487 0.02714 0.04799 ( 1)
 185 D   0.96992 0.01758 0.01250 ( 1)
 186 R   0.94007 0.02466 0.03527 ( 1)
 187 F   0.91255 0.02883 0.05862 ( 1)
 188 L   0.00000 0.00045 0.99955 ( 3)
 189 F   0.95173 0.02236 0.02591 ( 1)
 190 C   0.93962 0.02475 0.03563 ( 1)
 191 A   0.90991 0.02915 0.06094 ( 1)
 192 E   0.95667 0.02123 0.02210 ( 1)
 193 A   0.93528 0.02550 0.03922 ( 1)
 194 L   0.00000 0.00000 1.00000 ( 3)
 195 F   0.00000 0.00449 0.99551 ( 3)
 196 K   0.94000 0.02468 0.03533 ( 1)
 197 A   0.25155 0.14017 0.60828 ( 3)
 198 Q   0.93556 0.02545 0.03899 ( 1)
 199 A   0.00000 0.01525 0.98475 ( 3)
 200 E   0.95667 0.02123 0.02210 ( 1)
 201 T   0.92277 0.02744 0.04979 ( 1)
 202 G   0.95676 0.02120 0.02204 ( 1)
 203 E   0.95667 0.02123 0.02210 ( 1)
 204 I   0.90872 0.02930 0.06197 ( 1)
 205 K   0.94000 0.02468 0.03533 ( 1)
 206 G   0.90220 0.03007 0.06773 ( 1)
 207 H   0.95613 0.02136 0.02251 ( 1)
 208 Y   0.90151 0.03015 0.06833 ( 1)
 209 L   0.17646 0.12089 0.70265 ( 3)
 210 N   0.95896 0.02067 0.02037 ( 1)
 211 A   0.95715 0.02111 0.02174 ( 1)
 212 T   0.94483 0.02377 0.03140 ( 1)
 213 A   0.90326 0.02995 0.06679 ( 1)
 214 G   0.95676 0.02120 0.02204 ( 1)
 215 T   0.92082 0.02772 0.05146 ( 1)
 216 C   0.89504 0.03086 0.07410 ( 1)
 217 E   0.95485 0.02165 0.02350 ( 1)
 218 E   0.00000 0.00000 1.00000 ( 3)
 219 M   0.92843 0.02660 0.04497 ( 1)
 220 M   0.00000 0.00116 0.99884 ( 3)
 221 K   0.93802 0.02502 0.03696 ( 1)
 222 R   0.90543 0.02970 0.06487 ( 1)
 223 A   0.95533 0.02153 0.02314 ( 1)
 224 V   0.00000 0.00001 0.99999 ( 3)
 225 F   0.94889 0.02294 0.02817 ( 1)
 226 A   0.90809 0.02937 0.06253 ( 1)
 227 R   0.92292 0.02742 0.04966 ( 1)
 228 E   0.95485 0.02165 0.02350 ( 1)
 229 L   0.89846 0.03049 0.07105 ( 1)
 230 G   0.92831 0.02661 0.04508 ( 1)
 231 A   0.00000 0.00009 0.99991 ( 3)
 232 P   0.93982 0.02471 0.03548 ( 1)
 233 I   0.90692 0.02952 0.06356 ( 1)
 234 V   0.93487 0.02555 0.03957 ( 1)
 235 M   0.92843 0.02660 0.04497 ( 1)
 236 H   0.95429 0.02178 0.02392 ( 1)
 237 D   0.93897 0.02483 0.03620 ( 1)
 238 Y   0.89782 0.03056 0.07162 ( 1)
 239 L   0.91272 0.02880 0.05848 ( 1)
 240 T   0.92082 0.02772 0.05146 ( 1)
 241 G   0.90049 0.03026 0.06925 ( 1)
 242 G   0.92831 0.02661 0.04508 ( 1)
 243 F   0.91070 0.02906 0.06024 ( 1)
 244 T   0.94287 0.02414 0.03299 ( 1)
 245 A   0.93370 0.02575 0.04055 ( 1)
 246 N   0.95717 0.02111 0.02172 ( 1)
 247 T   0.94287 0.02414 0.03299 ( 1)
 248 T   0.00000 0.00001 0.99999 ( 3)
 249 L   0.89846 0.03049 0.07105 ( 1)
 250 A   0.00887 0.09370 0.89743 ( 3)
 251 H   0.95429 0.02178 0.02392 ( 1)
 252 Y   0.94407 0.02392 0.03202 ( 1)
 253 C   0.89519 0.03084 0.07397 ( 1)
 254 R   0.90016 0.03030 0.06954 ( 1)
 255 D   0.96838 0.01806 0.01356 ( 1)
 256 N   0.95193 0.02228 0.02578 ( 1)
 257 G   0.90770 0.02942 0.06288 ( 1)
 258 L   0.91408 0.02862 0.05730 ( 1)
 259 L   0.94392 0.02394 0.03214 ( 1)
 260 L   0.94392 0.02394 0.03214 ( 1)
 261 H   0.91581 0.02840 0.05579 ( 1)
 262 I   0.90657 0.02956 0.06387 ( 1)
 263 H   0.91581 0.02840 0.05579 ( 1)
 264 R   0.89234 0.03114 0.07652 ( 1)
 265 A   0.93293 0.02588 0.04119 ( 1)
 266 M   0.92767 0.02672 0.04561 ( 1)
 267 H   0.95358 0.02194 0.02448 ( 1)
 268 A   0.93293 0.02588 0.04119 ( 1)
 269 V   0.95570 0.02144 0.02286 ( 1)
 270 I   0.94940 0.02284 0.02776 ( 1)
 271 D   0.96755 0.01831 0.01414 ( 1)
 272 R   0.92189 0.02756 0.05054 ( 1)
 273 Q   0.91024 0.02905 0.06071 ( 1)
 274 K   0.91496 0.02851 0.05653 ( 1)
 275 N   0.95622 0.02133 0.02245 ( 1)
 276 H   0.95332 0.02200 0.02468 ( 1)
 277 G   0.95396 0.02185 0.02419 ( 1)
 278 M   0.00000 0.00959 0.99041 ( 3)
 279 H   0.91519 0.02848 0.05633 ( 1)
 280 F   0.94883 0.02297 0.02820 ( 1)
 281 R   0.93705 0.02519 0.03776 ( 1)
 282 V   0.93383 0.02573 0.04044 ( 1)
 283 L   0.91310 0.02875 0.05815 ( 1)
 284 A   0.95436 0.02176 0.02389 ( 1)
 285 K   0.93698 0.02520 0.03782 ( 1)
 286 G   0.00000 0.00098 0.99902 ( 3)
 287 L   0.91174 0.02892 0.05934 ( 1)
 288 R   0.93705 0.02519 0.03776 ( 1)
 289 M   0.92739 0.02676 0.04585 ( 1)
 290 S   0.93611 0.02535 0.03853 ( 1)
 291 G   0.95396 0.02185 0.02419 ( 1)
 292 G   0.92728 0.02677 0.04596 ( 1)
 293 D   0.96755 0.01831 0.01414 ( 1)
 294 H   0.95332 0.02200 0.02468 ( 1)
 295 I   0.94913 0.02290 0.02797 ( 1)
 296 H   0.91519 0.02848 0.05633 ( 1)
 297 A   0.00000 0.00102 0.99898 ( 3)
 298 G   0.95396 0.02185 0.02419 ( 1)
 299 T   0.89597 0.03076 0.07327 ( 1)
 300 V   0.93383 0.02573 0.04044 ( 1)
 301 V   0.93383 0.02573 0.04044 ( 1)
 302 G   0.95396 0.02185 0.02419 ( 1)
 303 K   0.93698 0.02520 0.03782 ( 1)
 304 L   0.94319 0.02408 0.03273 ( 1)
 305 E   0.95388 0.02187 0.02426 ( 1)
 306 G   0.89960 0.03036 0.07004 ( 1)
 307 E   0.95388 0.02187 0.02426 ( 1)
 308 R   0.92189 0.02756 0.05054 ( 1)
 309 D   0.00000 0.00031 0.99969 ( 3)
 310 I   0.90603 0.02962 0.06436 ( 1)
 311 T   0.94184 0.02433 0.03383 ( 1)
 312 L   0.89760 0.03058 0.07182 ( 1)
 313 G   0.90675 0.02954 0.06371 ( 1)
 314 F   0.94883 0.02297 0.02820 ( 1)
 315 V   0.95544 0.02150 0.02306 ( 1)
 316 D   0.96755 0.01831 0.01414 ( 1)
 317 L   0.91174 0.02892 0.05934 ( 1)
 318 L   0.88446 0.03192 0.08361 ( 1)
 319 R   0.89213 0.03116 0.07671 ( 1)
 320 D   0.96755 0.01831 0.01414 ( 1)
 321 D   0.96755 0.01831 0.01414 ( 1)
 322 F   0.94883 0.02297 0.02820 ( 1)
 323 I   0.94913 0.02290 0.02797 ( 1)
 324 E   0.95388 0.02187 0.02426 ( 1)
 325 K   0.93698 0.02520 0.03782 ( 1)
 326 D   0.96755 0.01831 0.01414 ( 1)
 327 R   0.89928 0.03040 0.07032 ( 1)
 328 S   0.94816 0.02310 0.02873 ( 1)
 329 R   0.89213 0.03116 0.07671 ( 1)
 330 G   0.95396 0.02185 0.02419 ( 1)
 331 I   0.94913 0.02290 0.02797 ( 1)
 332 Y   0.94304 0.02411 0.03285 ( 1)
 333 F   0.90974 0.02918 0.06108 ( 1)
 334 T   0.94184 0.02433 0.03383 ( 1)
 335 Q   0.93253 0.02595 0.04152 ( 1)
 336 D   0.96755 0.01831 0.01414 ( 1)
 337 W   0.89440 0.03093 0.07468 ( 1)
 338 V   0.90822 0.02936 0.06242 ( 1)
 339 S   0.93611 0.02535 0.03853 ( 1)
 340 L   0.91310 0.02875 0.05815 ( 1)
 341 P   0.91683 0.02826 0.05491 ( 1)
 342 G   0.95396 0.02185 0.02419 ( 1)
 343 V   0.95544 0.02150 0.02306 ( 1)
 344 L   0.88453 0.03192 0.08355 ( 1)
 345 P   0.89361 0.03101 0.07539 ( 1)
 346 V   0.90099 0.03020 0.06881 ( 1)
 347 A   0.01063 0.10204 0.88733 ( 3)
 348 S   0.87878 0.03246 0.08877 ( 1)
 349 G   0.89960 0.03036 0.07004 ( 1)
 350 G   0.95396 0.02185 0.02419 ( 1)
 351 I   0.94913 0.02290 0.02797 ( 1)
 352 H   0.91519 0.02848 0.05633 ( 1)
 353 V   0.95544 0.02150 0.02306 ( 1)
 354 W   0.89440 0.03093 0.07468 ( 1)
 355 H   0.95332 0.02200 0.02468 ( 1)
 356 M   0.92739 0.02676 0.04585 ( 1)
 357 P   0.89349 0.03102 0.07549 ( 1)
 358 A   0.95436 0.02176 0.02389 ( 1)
 359 L   0.88491 0.03188 0.08321 ( 1)
 360 T   0.89597 0.03076 0.07327 ( 1)
 361 E   0.93493 0.02555 0.03952 ( 1)
 362 I   0.90598 0.02963 0.06439 ( 1)
 363 F   0.94883 0.02297 0.02820 ( 1)
 364 G   0.89960 0.03036 0.07004 ( 1)
 365 D   0.96755 0.01831 0.01414 ( 1)
 366 D   0.96755 0.01831 0.01414 ( 1)
 367 S   0.89140 0.03124 0.07737 ( 1)
 368 V   0.93383 0.02573 0.04044 ( 1)
 369 L   0.91310 0.02875 0.05815 ( 1)
 370 Q   0.91022 0.02912 0.06066 ( 1)
 371 F   0.91001 0.02914 0.06085 ( 1)
 372 G   0.95396 0.02185 0.02419 ( 1)
 373 G   0.92728 0.02677 0.04596 ( 1)
 374 G   0.92728 0.02677 0.04596 ( 1)
 375 T   0.94184 0.02433 0.03383 ( 1)
 376 L   0.18840 0.12190 0.68969 ( 3)
 377 G   0.92728 0.02677 0.04596 ( 1)
 378 H   0.91519 0.02848 0.05633 ( 1)
 379 P   0.93871 0.02490 0.03639 ( 1)
 380 W   0.89440 0.03093 0.07468 ( 1)
 381 G   0.92728 0.02677 0.04596 ( 1)
 382 N   0.95622 0.02133 0.02245 ( 1)
 383 A   0.93265 0.02592 0.04142 ( 1)
 384 P   0.89349 0.03102 0.07549 ( 1)
 385 G   0.95396 0.02185 0.02419 ( 1)
 386 A   0.00442 0.05987 0.93572 ( 3)
 387 V   0.93383 0.02573 0.04044 ( 1)
 388 A   0.95436 0.02176 0.02389 ( 1)
 389 N   0.95622 0.02133 0.02245 ( 1)
 390 R   0.89928 0.03040 0.07032 ( 1)
 391 V   0.93319 0.02583 0.04098 ( 1)
 392 A   0.95436 0.02176 0.02389 ( 1)
 393 L   0.91310 0.02875 0.05815 ( 1)
 394 E   0.95388 0.02187 0.02426 ( 1)
 395 A   0.93265 0.02592 0.04142 ( 1)
 396 C   0.93660 0.02527 0.03813 ( 1)
 397 V   0.93383 0.02573 0.04044 ( 1)
 398 Q   0.00012 0.02848 0.97140 ( 3)
 399 A   0.95436 0.02176 0.02389 ( 1)
 400 R   0.93705 0.02519 0.03776 ( 1)
 401 N   0.95622 0.02133 0.02245 ( 1)
 402 E   0.93493 0.02555 0.03952 ( 1)
 403 G   0.92728 0.02677 0.04596 ( 1)
 404 R   0.92474 0.02715 0.04811 ( 1)
 405 D   0.96755 0.01831 0.01414 ( 1)
 406 L   0.94327 0.02406 0.03266 ( 1)
 407 A   0.95436 0.02176 0.02389 ( 1)
 408 R   0.93705 0.02519 0.03776 ( 1)
 409 E   0.93493 0.02555 0.03952 ( 1)
 410 G   0.95396 0.02185 0.02419 ( 1)
 411 N   0.95622 0.02133 0.02245 ( 1)
 412 E   0.95388 0.02187 0.02426 ( 1)
 413 I   0.00969 0.09643 0.89388 ( 3)
 414 I   0.90598 0.02963 0.06439 ( 1)
 415 R   0.93705 0.02519 0.03776 ( 1)
 416 E   0.93299 0.02588 0.04113 ( 1)
 417 A   0.95353 0.02195 0.02451 ( 1)
 418 S   0.00000 0.00000 1.00000 ( 3)
 419 K   0.93698 0.02520 0.03782 ( 1)
 420 W   0.89440 0.03093 0.07468 ( 1)
 421 S   0.94816 0.02310 0.02873 ( 1)
 422 P   0.93878 0.02489 0.03633 ( 1)
 423 E   0.95388 0.02187 0.02426 ( 1)
 424 L   0.91310 0.02875 0.05815 ( 1)
 425 A   0.95436 0.02176 0.02389 ( 1)
 426 A   0.95436 0.02176 0.02389 ( 1)
 427 A   0.95436 0.02176 0.02389 ( 1)
 428 C   0.00708 0.07944 0.91348 ( 3)
 429 E   0.93493 0.02555 0.03952 ( 1)
 430 V   0.00013 0.02930 0.97057 ( 3)
 431 W   0.89440 0.03093 0.07468 ( 1)
 432 K   0.91496 0.02851 0.05653 ( 1)
 433 E   0.95388 0.02187 0.02426 ( 1)
 434 I   0.90598 0.02963 0.06439 ( 1)
 435 K   0.93698 0.02520 0.03782 ( 1)
 436 F   0.94883 0.02297 0.02820 ( 1)
 437 E   0.95361 0.02193 0.02446 ( 1)
 438 F   0.94856 0.02302 0.02842 ( 1)
 439 E   0.35474 0.16486 0.48040 ( 3)
 440 A   0.93187 0.02605 0.04209 ( 1)
 441 V   0.00000 0.00433 0.99567 ( 3)
 442 D   0.96692 0.01850 0.01458 ( 1)
 443 T   0.93345 0.02579 0.04076 ( 1)
 444 I   0.00000 0.00000 1.00000 ( 3)
